dictionary_type	surface	canonical	pinyin	tone_pinyin	weight	target_boost	domain_id	is_alias	single_char_role	ime_layer	frequency_rank	source
base_dictionary	一	一	yi	yi1	0.12	0		0	content_single_char	single_char	1	common-standard-level-1+pinyin-data
base_dictionary	乙	乙	yi	yi3	0.12	0		0	content_single_char	single_char	2	common-standard-level-1+pinyin-data
base_dictionary	二	二	er	er4	0.12	0		0	content_single_char	single_char	3	common-standard-level-1+pinyin-data
base_dictionary	十	十	shi	shi2	0.12	0		0	content_single_char	single_char	4	common-standard-level-1+pinyin-data
base_dictionary	丁	丁	ding	ding1	0.12	0		0	content_single_char	single_char	5	common-standard-level-1+pinyin-data
base_dictionary	厂	厂	chang	chang3	0.12	0		0	content_single_char	single_char	6	common-standard-level-1+pinyin-data
base_dictionary	七	七	qi	qi1	0.12	0		0	content_single_char	single_char	7	common-standard-level-1+pinyin-data
base_dictionary	卜	卜	bo	bo	0.12	0		0	content_single_char	single_char	8	common-standard-level-1+pinyin-data
base_dictionary	八	八	ba	ba1	0.12	0		0	content_single_char	single_char	9	common-standard-level-1+pinyin-data
base_dictionary	人	人	ren	ren2	0.14	0		0	service_content_single_char	single_char	10	common-standard-level-1+pinyin-data
base_dictionary	入	入	ru	ru4	0.12	0		0	content_single_char	single_char	11	common-standard-level-1+pinyin-data
base_dictionary	儿	儿	er	er2	0.12	0		0	content_single_char	single_char	12	common-standard-level-1+pinyin-data
base_dictionary	匕	匕	bi	bi3	0.12	0		0	content_single_char	single_char	13	common-standard-level-1+pinyin-data
base_dictionary	几	几	ji	ji3	0.12	0		0	content_single_char	single_char	14	common-standard-level-1+pinyin-data
base_dictionary	九	九	jiu	jiu3	0.12	0		0	content_single_char	single_char	15	common-standard-level-1+pinyin-data
base_dictionary	刁	刁	diao	diao1	0.12	0		0	content_single_char	single_char	16	common-standard-level-1+pinyin-data
base_dictionary	了	了	le	le	0.30	0		0	function_single_char	single_char	17	common-standard-level-1+pinyin-data
base_dictionary	刀	刀	dao	dao1	0.12	0		0	content_single_char	single_char	18	common-standard-level-1+pinyin-data
base_dictionary	力	力	li	li4	0.12	0		0	content_single_char	single_char	19	common-standard-level-1+pinyin-data
base_dictionary	乃	乃	nai	nai3	0.12	0		0	content_single_char	single_char	20	common-standard-level-1+pinyin-data
base_dictionary	又	又	you	you4	0.12	0		0	content_single_char	single_char	21	common-standard-level-1+pinyin-data
base_dictionary	三	三	san	san1	0.12	0		0	content_single_char	single_char	22	common-standard-level-1+pinyin-data
base_dictionary	干	干	gan	gan4	0.12	0		0	content_single_char	single_char	23	common-standard-level-1+pinyin-data
base_dictionary	于	于	yu	yu2	0.30	0		0	function_single_char	single_char	24	common-standard-level-1+pinyin-data
base_dictionary	亏	亏	kui	kui1	0.12	0		0	content_single_char	single_char	25	common-standard-level-1+pinyin-data
base_dictionary	工	工	gong	gong1	0.12	0		0	content_single_char	single_char	26	common-standard-level-1+pinyin-data
base_dictionary	土	土	tu	tu3	0.12	0		0	content_single_char	single_char	27	common-standard-level-1+pinyin-data
base_dictionary	士	士	shi	shi4	0.12	0		0	content_single_char	single_char	28	common-standard-level-1+pinyin-data
base_dictionary	才	才	cai	cai2	0.26	0		0	time_single_char	single_char	29	common-standard-level-1+pinyin-data
base_dictionary	下	下	xia	xia4	0.24	0		0	place_direction_single_char	single_char	30	common-standard-level-1+pinyin-data
base_dictionary	寸	寸	cun	cun4	0.12	0		0	content_single_char	single_char	31	common-standard-level-1+pinyin-data
base_dictionary	大	大	da	da4	0.12	0		0	content_single_char	single_char	32	common-standard-level-1+pinyin-data
base_dictionary	丈	丈	zhang	zhang4	0.12	0		0	content_single_char	single_char	33	common-standard-level-1+pinyin-data
base_dictionary	与	与	yu	yu3	0.30	0		0	function_single_char	single_char	34	common-standard-level-1+pinyin-data
base_dictionary	万	万	wan	wan4	0.12	0		0	content_single_char	single_char	35	common-standard-level-1+pinyin-data
base_dictionary	上	上	shang	shang4	0.24	0		0	place_direction_single_char	single_char	36	common-standard-level-1+pinyin-data
base_dictionary	小	小	xiao	xiao3	0.12	0		0	content_single_char	single_char	37	common-standard-level-1+pinyin-data
base_dictionary	口	口	kou	kou3	0.24	0		0	place_direction_single_char	single_char	38	common-standard-level-1+pinyin-data
base_dictionary	山	山	shan	shan1	0.14	0		0	service_content_single_char	single_char	39	common-standard-level-1+pinyin-data
base_dictionary	巾	巾	jin	jin1	0.12	0		0	content_single_char	single_char	40	common-standard-level-1+pinyin-data
base_dictionary	千	千	qian	qian1	0.12	0		0	content_single_char	single_char	41	common-standard-level-1+pinyin-data
base_dictionary	乞	乞	qi	qi3	0.12	0		0	content_single_char	single_char	42	common-standard-level-1+pinyin-data
base_dictionary	川	川	chuan	chuan1	0.12	0		0	content_single_char	single_char	43	common-standard-level-1+pinyin-data
base_dictionary	亿	亿	yi	yi4	0.12	0		0	content_single_char	single_char	44	common-standard-level-1+pinyin-data
base_dictionary	个	个	ge	ge4	0.22	0		0	measure_single_char	single_char	45	common-standard-level-1+pinyin-data
base_dictionary	夕	夕	xi	xi1	0.12	0		0	content_single_char	single_char	46	common-standard-level-1+pinyin-data
base_dictionary	久	久	jiu	jiu3	0.12	0		0	content_single_char	single_char	47	common-standard-level-1+pinyin-data
base_dictionary	么	么	me	me	0.30	0		0	function_single_char	single_char	48	common-standard-level-1+pinyin-data
base_dictionary	勺	勺	shao	shao2	0.12	0		0	content_single_char	single_char	49	common-standard-level-1+pinyin-data
base_dictionary	凡	凡	fan	fan2	0.12	0		0	content_single_char	single_char	50	common-standard-level-1+pinyin-data
base_dictionary	丸	丸	wan	wan2	0.12	0		0	content_single_char	single_char	51	common-standard-level-1+pinyin-data
base_dictionary	及	及	ji	ji2	0.30	0		0	function_single_char	single_char	52	common-standard-level-1+pinyin-data
base_dictionary	广	广	guang	guang3	0.12	0		0	content_single_char	single_char	53	common-standard-level-1+pinyin-data
base_dictionary	亡	亡	wang	wang2	0.12	0		0	content_single_char	single_char	54	common-standard-level-1+pinyin-data
base_dictionary	门	门	men	men2	0.24	0		0	place_direction_single_char	single_char	55	common-standard-level-1+pinyin-data
base_dictionary	丫	丫	ya	ya1	0.12	0		0	content_single_char	single_char	56	common-standard-level-1+pinyin-data
base_dictionary	义	义	yi	yi4	0.12	0		0	content_single_char	single_char	57	common-standard-level-1+pinyin-data
base_dictionary	之	之	zhi	zhi1	0.12	0		0	content_single_char	single_char	58	common-standard-level-1+pinyin-data
base_dictionary	尸	尸	shi	shi1	0.12	0		0	content_single_char	single_char	59	common-standard-level-1+pinyin-data
base_dictionary	己	己	ji	ji3	0.12	0		0	content_single_char	single_char	60	common-standard-level-1+pinyin-data
base_dictionary	已	已	yi	yi3	0.12	0		0	content_single_char	single_char	61	common-standard-level-1+pinyin-data
base_dictionary	巳	巳	si	si4	0.12	0		0	content_single_char	single_char	62	common-standard-level-1+pinyin-data
base_dictionary	弓	弓	gong	gong1	0.12	0		0	content_single_char	single_char	63	common-standard-level-1+pinyin-data
base_dictionary	子	子	zi	zi	0.12	0		0	content_single_char	single_char	64	common-standard-level-1+pinyin-data
base_dictionary	卫	卫	wei	wei4	0.12	0		0	content_single_char	single_char	65	common-standard-level-1+pinyin-data
base_dictionary	也	也	ye	ye3	0.30	0		0	function_single_char	single_char	66	common-standard-level-1+pinyin-data
base_dictionary	女	女	nv	nv3	0.12	0		0	content_single_char	single_char	67	common-standard-level-1+pinyin-data
base_dictionary	刃	刃	ren	ren4	0.12	0		0	content_single_char	single_char	68	common-standard-level-1+pinyin-data
base_dictionary	飞	飞	fei	fei1	0.12	0		0	content_single_char	single_char	69	common-standard-level-1+pinyin-data
base_dictionary	习	习	xi	xi2	0.12	0		0	content_single_char	single_char	70	common-standard-level-1+pinyin-data
base_dictionary	叉	叉	cha	cha1	0.12	0		0	content_single_char	single_char	71	common-standard-level-1+pinyin-data
base_dictionary	马	马	ma	ma3	0.12	0		0	content_single_char	single_char	72	common-standard-level-1+pinyin-data
base_dictionary	乡	乡	xiang	xiang1	0.12	0		0	content_single_char	single_char	73	common-standard-level-1+pinyin-data
base_dictionary	丰	丰	feng	feng1	0.12	0		0	content_single_char	single_char	74	common-standard-level-1+pinyin-data
base_dictionary	王	王	wang	wang2	0.12	0		0	content_single_char	single_char	75	common-standard-level-1+pinyin-data
base_dictionary	开	开	kai	kai1	0.12	0		0	content_single_char	single_char	76	common-standard-level-1+pinyin-data
base_dictionary	井	井	jing	jing3	0.12	0		0	content_single_char	single_char	77	common-standard-level-1+pinyin-data
base_dictionary	天	天	tian	tian1	0.26	0		0	time_single_char	single_char	78	common-standard-level-1+pinyin-data
base_dictionary	夫	夫	fu	fu1	0.12	0		0	content_single_char	single_char	79	common-standard-level-1+pinyin-data
base_dictionary	元	元	yuan	yuan2	0.22	0		0	measure_single_char	single_char	80	common-standard-level-1+pinyin-data
base_dictionary	无	无	wu	wu2	0.12	0		0	content_single_char	single_char	81	common-standard-level-1+pinyin-data
base_dictionary	云	云	yun	yun2	0.12	0		0	content_single_char	single_char	82	common-standard-level-1+pinyin-data
base_dictionary	专	专	zhuan	zhuan1	0.12	0		0	content_single_char	single_char	83	common-standard-level-1+pinyin-data
base_dictionary	丐	丐	gai	gai4	0.12	0		0	content_single_char	single_char	84	common-standard-level-1+pinyin-data
base_dictionary	扎	扎	zha	zha1	0.12	0		0	content_single_char	single_char	85	common-standard-level-1+pinyin-data
base_dictionary	艺	艺	yi	yi4	0.12	0		0	content_single_char	single_char	86	common-standard-level-1+pinyin-data
base_dictionary	木	木	mu	mu4	0.12	0		0	content_single_char	single_char	87	common-standard-level-1+pinyin-data
base_dictionary	五	五	wu	wu3	0.12	0		0	content_single_char	single_char	88	common-standard-level-1+pinyin-data
base_dictionary	支	支	zhi	zhi1	0.22	0		0	measure_single_char	single_char	89	common-standard-level-1+pinyin-data
base_dictionary	厅	厅	ting	ting1	0.12	0		0	content_single_char	single_char	90	common-standard-level-1+pinyin-data
base_dictionary	不	不	bu	bu4	0.12	0		0	content_single_char	single_char	91	common-standard-level-1+pinyin-data
base_dictionary	犬	犬	quan	quan3	0.12	0		0	content_single_char	single_char	92	common-standard-level-1+pinyin-data
base_dictionary	太	太	tai	tai4	0.12	0		0	content_single_char	single_char	93	common-standard-level-1+pinyin-data
base_dictionary	区	区	qu	qu1	0.24	0		0	place_direction_single_char	single_char	94	common-standard-level-1+pinyin-data
base_dictionary	历	历	li	li4	0.12	0		0	content_single_char	single_char	95	common-standard-level-1+pinyin-data
base_dictionary	歹	歹	dai	dai3	0.12	0		0	content_single_char	single_char	96	common-standard-level-1+pinyin-data
base_dictionary	友	友	you	you3	0.12	0		0	content_single_char	single_char	97	common-standard-level-1+pinyin-data
base_dictionary	尤	尤	you	you2	0.12	0		0	content_single_char	single_char	98	common-standard-level-1+pinyin-data
base_dictionary	匹	匹	pi	pi3	0.12	0		0	content_single_char	single_char	99	common-standard-level-1+pinyin-data
base_dictionary	车	车	che	che1	0.14	0		0	service_content_single_char	single_char	100	common-standard-level-1+pinyin-data
base_dictionary	巨	巨	ju	ju4	0.12	0		0	content_single_char	single_char	101	common-standard-level-1+pinyin-data
base_dictionary	牙	牙	ya	ya2	0.12	0		0	content_single_char	single_char	102	common-standard-level-1+pinyin-data
base_dictionary	屯	屯	tun	tun2	0.12	0		0	content_single_char	single_char	103	common-standard-level-1+pinyin-data
base_dictionary	戈	戈	ge	ge1	0.12	0		0	content_single_char	single_char	104	common-standard-level-1+pinyin-data
base_dictionary	比	比	bi	bi3	0.30	0		0	function_single_char	single_char	105	common-standard-level-1+pinyin-data
base_dictionary	互	互	hu	hu4	0.12	0		0	content_single_char	single_char	106	common-standard-level-1+pinyin-data
base_dictionary	切	切	qie	qie4	0.12	0		0	content_single_char	single_char	107	common-standard-level-1+pinyin-data
base_dictionary	瓦	瓦	wa	wa3	0.12	0		0	content_single_char	single_char	108	common-standard-level-1+pinyin-data
base_dictionary	止	止	zhi	zhi3	0.12	0		0	content_single_char	single_char	109	common-standard-level-1+pinyin-data
base_dictionary	少	少	shao	shao3	0.12	0		0	content_single_char	single_char	110	common-standard-level-1+pinyin-data
base_dictionary	曰	曰	yue	yue1	0.12	0		0	content_single_char	single_char	111	common-standard-level-1+pinyin-data
base_dictionary	日	日	ri	ri4	0.26	0		0	time_single_char	single_char	112	common-standard-level-1+pinyin-data
base_dictionary	中	中	zhong	zhong1	0.24	0		0	place_direction_single_char	single_char	113	common-standard-level-1+pinyin-data
base_dictionary	贝	贝	bei	bei4	0.12	0		0	content_single_char	single_char	114	common-standard-level-1+pinyin-data
base_dictionary	冈	冈	gang	gang1	0.12	0		0	content_single_char	single_char	115	common-standard-level-1+pinyin-data
base_dictionary	内	内	nei	nei4	0.24	0		0	place_direction_single_char	single_char	116	common-standard-level-1+pinyin-data
base_dictionary	水	水	shui	shui3	0.12	0		0	content_single_char	single_char	117	common-standard-level-1+pinyin-data
base_dictionary	见	见	jian	jian4	0.12	0		0	content_single_char	single_char	118	common-standard-level-1+pinyin-data
base_dictionary	午	午	wu	wu3	0.26	0		0	time_single_char	single_char	119	common-standard-level-1+pinyin-data
base_dictionary	牛	牛	niu	niu2	0.12	0		0	content_single_char	single_char	120	common-standard-level-1+pinyin-data
base_dictionary	手	手	shou	shou3	0.12	0		0	content_single_char	single_char	121	common-standard-level-1+pinyin-data
base_dictionary	气	气	qi	qi4	0.12	0		0	content_single_char	single_char	122	common-standard-level-1+pinyin-data
base_dictionary	毛	毛	mao	mao2	0.12	0		0	content_single_char	single_char	123	common-standard-level-1+pinyin-data
base_dictionary	壬	壬	ren	ren2	0.12	0		0	content_single_char	single_char	124	common-standard-level-1+pinyin-data
base_dictionary	升	升	sheng	sheng1	0.22	0		0	measure_single_char	single_char	125	common-standard-level-1+pinyin-data
base_dictionary	夭	夭	yao	yao1	0.12	0		0	content_single_char	single_char	126	common-standard-level-1+pinyin-data
base_dictionary	长	长	zhang	zhang3	0.12	0		0	content_single_char	single_char	127	common-standard-level-1+pinyin-data
base_dictionary	仁	仁	ren	ren2	0.12	0		0	content_single_char	single_char	128	common-standard-level-1+pinyin-data
base_dictionary	什	什	shen	shen2	0.12	0		0	content_single_char	single_char	129	common-standard-level-1+pinyin-data
base_dictionary	片	片	pian	pian4	0.22	0		0	measure_single_char	single_char	130	common-standard-level-1+pinyin-data
base_dictionary	仆	仆	pu	pu1	0.12	0		0	content_single_char	single_char	131	common-standard-level-1+pinyin-data
base_dictionary	化	化	hua	hua4	0.12	0		0	content_single_char	single_char	132	common-standard-level-1+pinyin-data
base_dictionary	仇	仇	chou	chou2	0.12	0		0	content_single_char	single_char	133	common-standard-level-1+pinyin-data
base_dictionary	币	币	bi	bi4	0.12	0		0	content_single_char	single_char	134	common-standard-level-1+pinyin-data
base_dictionary	仍	仍	reng	reng2	0.12	0		0	content_single_char	single_char	135	common-standard-level-1+pinyin-data
base_dictionary	仅	仅	jin	jin3	0.12	0		0	content_single_char	single_char	136	common-standard-level-1+pinyin-data
base_dictionary	斤	斤	jin	jin1	0.22	0		0	measure_single_char	single_char	137	common-standard-level-1+pinyin-data
base_dictionary	爪	爪	zhao	zhao3	0.12	0		0	content_single_char	single_char	138	common-standard-level-1+pinyin-data
base_dictionary	反	反	fan	fan3	0.12	0		0	content_single_char	single_char	139	common-standard-level-1+pinyin-data
base_dictionary	介	介	jie	jie4	0.12	0		0	content_single_char	single_char	140	common-standard-level-1+pinyin-data
base_dictionary	父	父	fu	fu4	0.12	0		0	content_single_char	single_char	141	common-standard-level-1+pinyin-data
base_dictionary	从	从	cong	cong2	0.30	0		0	function_single_char	single_char	142	common-standard-level-1+pinyin-data
base_dictionary	仑	仑	lun	lun2	0.12	0		0	content_single_char	single_char	143	common-standard-level-1+pinyin-data
base_dictionary	今	今	jin	jin1	0.26	0		0	time_single_char	single_char	144	common-standard-level-1+pinyin-data
base_dictionary	凶	凶	xiong	xiong1	0.12	0		0	content_single_char	single_char	145	common-standard-level-1+pinyin-data
base_dictionary	分	分	fen	fen1	0.26	0		0	time_single_char	single_char	146	common-standard-level-1+pinyin-data
base_dictionary	乏	乏	fa	fa2	0.12	0		0	content_single_char	single_char	147	common-standard-level-1+pinyin-data
base_dictionary	公	公	gong	gong1	0.22	0		0	measure_single_char	single_char	148	common-standard-level-1+pinyin-data
base_dictionary	仓	仓	cang	cang1	0.12	0		0	content_single_char	single_char	149	common-standard-level-1+pinyin-data
base_dictionary	月	月	yue	yue4	0.26	0		0	time_single_char	single_char	150	common-standard-level-1+pinyin-data
base_dictionary	氏	氏	shi	shi4	0.12	0		0	content_single_char	single_char	151	common-standard-level-1+pinyin-data
base_dictionary	勿	勿	wu	wu4	0.12	0		0	content_single_char	single_char	152	common-standard-level-1+pinyin-data
base_dictionary	欠	欠	qian	qian4	0.12	0		0	content_single_char	single_char	153	common-standard-level-1+pinyin-data
base_dictionary	风	风	feng	feng1	0.12	0		0	content_single_char	single_char	154	common-standard-level-1+pinyin-data
base_dictionary	丹	丹	dan	dan1	0.12	0		0	content_single_char	single_char	155	common-standard-level-1+pinyin-data
base_dictionary	匀	匀	yun	yun2	0.12	0		0	content_single_char	single_char	156	common-standard-level-1+pinyin-data
base_dictionary	乌	乌	wu	wu1	0.12	0		0	content_single_char	single_char	157	common-standard-level-1+pinyin-data
base_dictionary	勾	勾	gou	gou1	0.12	0		0	content_single_char	single_char	158	common-standard-level-1+pinyin-data
base_dictionary	凤	凤	feng	feng4	0.12	0		0	content_single_char	single_char	159	common-standard-level-1+pinyin-data
base_dictionary	六	六	liu	liu4	0.12	0		0	content_single_char	single_char	160	common-standard-level-1+pinyin-data
base_dictionary	文	文	wen	wen2	0.12	0		0	content_single_char	single_char	161	common-standard-level-1+pinyin-data
base_dictionary	亢	亢	kang	kang4	0.12	0		0	content_single_char	single_char	162	common-standard-level-1+pinyin-data
base_dictionary	方	方	fang	fang1	0.12	0		0	content_single_char	single_char	163	common-standard-level-1+pinyin-data
base_dictionary	火	火	huo	huo3	0.12	0		0	content_single_char	single_char	164	common-standard-level-1+pinyin-data
base_dictionary	为	为	wei	wei4	0.30	0		0	function_single_char	single_char	165	common-standard-level-1+pinyin-data
base_dictionary	斗	斗	dou	dou4	0.12	0		0	content_single_char	single_char	166	common-standard-level-1+pinyin-data
base_dictionary	忆	忆	yi	yi4	0.12	0		0	content_single_char	single_char	167	common-standard-level-1+pinyin-data
base_dictionary	计	计	ji	ji4	0.12	0		0	content_single_char	single_char	168	common-standard-level-1+pinyin-data
base_dictionary	订	订	ding	ding4	0.12	0		0	content_single_char	single_char	169	common-standard-level-1+pinyin-data
base_dictionary	户	户	hu	hu4	0.12	0		0	content_single_char	single_char	170	common-standard-level-1+pinyin-data
base_dictionary	认	认	ren	ren4	0.12	0		0	content_single_char	single_char	171	common-standard-level-1+pinyin-data
base_dictionary	冗	冗	rong	rong3	0.12	0		0	content_single_char	single_char	172	common-standard-level-1+pinyin-data
base_dictionary	讥	讥	ji	ji1	0.12	0		0	content_single_char	single_char	173	common-standard-level-1+pinyin-data
base_dictionary	心	心	xin	xin1	0.12	0		0	content_single_char	single_char	174	common-standard-level-1+pinyin-data
base_dictionary	尺	尺	chi	chi3	0.12	0		0	content_single_char	single_char	175	common-standard-level-1+pinyin-data
base_dictionary	引	引	yin	yin3	0.12	0		0	content_single_char	single_char	176	common-standard-level-1+pinyin-data
base_dictionary	丑	丑	chou	chou3	0.12	0		0	content_single_char	single_char	177	common-standard-level-1+pinyin-data
base_dictionary	巴	巴	ba	ba1	0.12	0		0	content_single_char	single_char	178	common-standard-level-1+pinyin-data
base_dictionary	孔	孔	kong	kong3	0.12	0		0	content_single_char	single_char	179	common-standard-level-1+pinyin-data
base_dictionary	队	队	dui	dui4	0.12	0		0	content_single_char	single_char	180	common-standard-level-1+pinyin-data
base_dictionary	办	办	ban	ban4	0.12	0		0	content_single_char	single_char	181	common-standard-level-1+pinyin-data
base_dictionary	以	以	yi	yi3	0.30	0		0	function_single_char	single_char	182	common-standard-level-1+pinyin-data
base_dictionary	允	允	yun	yun3	0.12	0		0	content_single_char	single_char	183	common-standard-level-1+pinyin-data
base_dictionary	予	予	yu	yu3	0.12	0		0	content_single_char	single_char	184	common-standard-level-1+pinyin-data
base_dictionary	邓	邓	deng	deng4	0.12	0		0	content_single_char	single_char	185	common-standard-level-1+pinyin-data
base_dictionary	劝	劝	quan	quan4	0.12	0		0	content_single_char	single_char	186	common-standard-level-1+pinyin-data
base_dictionary	双	双	shuang	shuang1	0.22	0		0	measure_single_char	single_char	187	common-standard-level-1+pinyin-data
base_dictionary	书	书	shu	shu1	0.12	0		0	content_single_char	single_char	188	common-standard-level-1+pinyin-data
base_dictionary	幻	幻	huan	huan4	0.12	0		0	content_single_char	single_char	189	common-standard-level-1+pinyin-data
base_dictionary	玉	玉	yu	yu4	0.12	0		0	content_single_char	single_char	190	common-standard-level-1+pinyin-data
base_dictionary	刊	刊	kan	kan1	0.12	0		0	content_single_char	single_char	191	common-standard-level-1+pinyin-data
base_dictionary	未	未	wei	wei4	0.12	0		0	content_single_char	single_char	192	common-standard-level-1+pinyin-data
base_dictionary	末	末	mo	mo4	0.12	0		0	content_single_char	single_char	193	common-standard-level-1+pinyin-data
base_dictionary	示	示	shi	shi4	0.12	0		0	content_single_char	single_char	194	common-standard-level-1+pinyin-data
base_dictionary	击	击	ji	ji1	0.12	0		0	content_single_char	single_char	195	common-standard-level-1+pinyin-data
base_dictionary	打	打	da	da3	0.12	0		0	content_single_char	single_char	196	common-standard-level-1+pinyin-data
base_dictionary	巧	巧	qiao	qiao3	0.12	0		0	content_single_char	single_char	197	common-standard-level-1+pinyin-data
base_dictionary	正	正	zheng	zheng4	0.12	0		0	content_single_char	single_char	198	common-standard-level-1+pinyin-data
base_dictionary	扑	扑	pu	pu1	0.12	0		0	content_single_char	single_char	199	common-standard-level-1+pinyin-data
base_dictionary	卉	卉	hui	hui4	0.12	0		0	content_single_char	single_char	200	common-standard-level-1+pinyin-data
base_dictionary	扒	扒	ba	ba1	0.12	0		0	content_single_char	single_char	201	common-standard-level-1+pinyin-data
base_dictionary	功	功	gong	gong1	0.12	0		0	content_single_char	single_char	202	common-standard-level-1+pinyin-data
base_dictionary	扔	扔	reng	reng1	0.12	0		0	content_single_char	single_char	203	common-standard-level-1+pinyin-data
base_dictionary	去	去	qu	qu4	0.30	0		0	function_single_char	single_char	204	common-standard-level-1+pinyin-data
base_dictionary	甘	甘	gan	gan1	0.12	0		0	content_single_char	single_char	205	common-standard-level-1+pinyin-data
base_dictionary	世	世	shi	shi4	0.12	0		0	content_single_char	single_char	206	common-standard-level-1+pinyin-data
base_dictionary	艾	艾	ai	ai4	0.12	0		0	content_single_char	single_char	207	common-standard-level-1+pinyin-data
base_dictionary	古	古	gu	gu3	0.12	0		0	content_single_char	single_char	208	common-standard-level-1+pinyin-data
base_dictionary	节	节	jie	jie2	0.12	0		0	content_single_char	single_char	209	common-standard-level-1+pinyin-data
base_dictionary	本	本	ben	ben3	0.12	0		0	content_single_char	single_char	210	common-standard-level-1+pinyin-data
base_dictionary	术	术	shu	shu4	0.12	0		0	content_single_char	single_char	211	common-standard-level-1+pinyin-data
base_dictionary	可	可	ke	ke3	0.30	0		0	function_single_char	single_char	212	common-standard-level-1+pinyin-data
base_dictionary	丙	丙	bing	bing3	0.12	0		0	content_single_char	single_char	213	common-standard-level-1+pinyin-data
base_dictionary	左	左	zuo	zuo3	0.24	0		0	place_direction_single_char	single_char	214	common-standard-level-1+pinyin-data
base_dictionary	厉	厉	li	li4	0.12	0		0	content_single_char	single_char	215	common-standard-level-1+pinyin-data
base_dictionary	石	石	shi	shi2	0.12	0		0	content_single_char	single_char	216	common-standard-level-1+pinyin-data
base_dictionary	右	右	you	you4	0.24	0		0	place_direction_single_char	single_char	217	common-standard-level-1+pinyin-data
base_dictionary	布	布	bu	bu4	0.12	0		0	content_single_char	single_char	218	common-standard-level-1+pinyin-data
base_dictionary	夯	夯	hang	hang1	0.12	0		0	content_single_char	single_char	219	common-standard-level-1+pinyin-data
base_dictionary	戊	戊	wu	wu4	0.12	0		0	content_single_char	single_char	220	common-standard-level-1+pinyin-data
base_dictionary	龙	龙	long	long2	0.12	0		0	content_single_char	single_char	221	common-standard-level-1+pinyin-data
base_dictionary	平	平	ping	ping2	0.12	0		0	content_single_char	single_char	222	common-standard-level-1+pinyin-data
base_dictionary	灭	灭	mie	mie4	0.12	0		0	content_single_char	single_char	223	common-standard-level-1+pinyin-data
base_dictionary	轧	轧	ya	ya4	0.12	0		0	content_single_char	single_char	224	common-standard-level-1+pinyin-data
base_dictionary	东	东	dong	dong1	0.24	0		0	place_direction_single_char	single_char	225	common-standard-level-1+pinyin-data
base_dictionary	卡	卡	ka	ka3	0.14	0		0	service_content_single_char	single_char	226	common-standard-level-1+pinyin-data
base_dictionary	北	北	bei	bei3	0.24	0		0	place_direction_single_char	single_char	227	common-standard-level-1+pinyin-data
base_dictionary	占	占	zhan	zhan4	0.12	0		0	content_single_char	single_char	228	common-standard-level-1+pinyin-data
base_dictionary	凸	凸	tu	tu1	0.12	0		0	content_single_char	single_char	229	common-standard-level-1+pinyin-data
base_dictionary	卢	卢	lu	lu2	0.12	0		0	content_single_char	single_char	230	common-standard-level-1+pinyin-data
base_dictionary	业	业	ye	ye4	0.12	0		0	content_single_char	single_char	231	common-standard-level-1+pinyin-data
base_dictionary	旧	旧	jiu	jiu4	0.12	0		0	content_single_char	single_char	232	common-standard-level-1+pinyin-data
base_dictionary	帅	帅	shuai	shuai4	0.12	0		0	content_single_char	single_char	233	common-standard-level-1+pinyin-data
base_dictionary	归	归	gui	gui1	0.12	0		0	content_single_char	single_char	234	common-standard-level-1+pinyin-data
base_dictionary	旦	旦	dan	dan4	0.12	0		0	content_single_char	single_char	235	common-standard-level-1+pinyin-data
base_dictionary	目	目	mu	mu4	0.12	0		0	content_single_char	single_char	236	common-standard-level-1+pinyin-data
base_dictionary	且	且	qie	qie3	0.30	0		0	function_single_char	single_char	237	common-standard-level-1+pinyin-data
base_dictionary	叶	叶	ye	ye4	0.12	0		0	content_single_char	single_char	238	common-standard-level-1+pinyin-data
base_dictionary	甲	甲	jia	jia3	0.12	0		0	content_single_char	single_char	239	common-standard-level-1+pinyin-data
base_dictionary	申	申	shen	shen1	0.12	0		0	content_single_char	single_char	240	common-standard-level-1+pinyin-data
base_dictionary	叮	叮	ding	ding1	0.12	0		0	content_single_char	single_char	241	common-standard-level-1+pinyin-data
base_dictionary	电	电	dian	dian4	0.12	0		0	content_single_char	single_char	242	common-standard-level-1+pinyin-data
base_dictionary	号	号	hao	hao4	0.14	0		0	service_content_single_char	single_char	243	common-standard-level-1+pinyin-data
base_dictionary	田	田	tian	tian2	0.12	0		0	content_single_char	single_char	244	common-standard-level-1+pinyin-data
base_dictionary	由	由	you	you2	0.30	0		0	function_single_char	single_char	245	common-standard-level-1+pinyin-data
base_dictionary	只	只	zhi	zhi3	0.22	0		0	measure_single_char	single_char	246	common-standard-level-1+pinyin-data
base_dictionary	叭	叭	ba	ba1	0.12	0		0	content_single_char	single_char	247	common-standard-level-1+pinyin-data
base_dictionary	史	史	shi	shi3	0.12	0		0	content_single_char	single_char	248	common-standard-level-1+pinyin-data
base_dictionary	央	央	yang	yang1	0.12	0		0	content_single_char	single_char	249	common-standard-level-1+pinyin-data
base_dictionary	兄	兄	xiong	xiong1	0.12	0		0	content_single_char	single_char	250	common-standard-level-1+pinyin-data
base_dictionary	叽	叽	ji	ji1	0.12	0		0	content_single_char	single_char	251	common-standard-level-1+pinyin-data
base_dictionary	叼	叼	diao	diao1	0.12	0		0	content_single_char	single_char	252	common-standard-level-1+pinyin-data
base_dictionary	叫	叫	jiao	jiao4	0.12	0		0	content_single_char	single_char	253	common-standard-level-1+pinyin-data
base_dictionary	叩	叩	kou	kou4	0.12	0		0	content_single_char	single_char	254	common-standard-level-1+pinyin-data
base_dictionary	叨	叨	dao	dao1	0.12	0		0	content_single_char	single_char	255	common-standard-level-1+pinyin-data
base_dictionary	另	另	ling	ling4	0.12	0		0	content_single_char	single_char	256	common-standard-level-1+pinyin-data
base_dictionary	叹	叹	tan	tan4	0.12	0		0	content_single_char	single_char	257	common-standard-level-1+pinyin-data
base_dictionary	冉	冉	ran	ran3	0.12	0		0	content_single_char	single_char	258	common-standard-level-1+pinyin-data
base_dictionary	皿	皿	min	min3	0.12	0		0	content_single_char	single_char	259	common-standard-level-1+pinyin-data
base_dictionary	凹	凹	ao	ao1	0.12	0		0	content_single_char	single_char	260	common-standard-level-1+pinyin-data
base_dictionary	囚	囚	qiu	qiu2	0.12	0		0	content_single_char	single_char	261	common-standard-level-1+pinyin-data
base_dictionary	四	四	si	si4	0.12	0		0	content_single_char	single_char	262	common-standard-level-1+pinyin-data
base_dictionary	生	生	sheng	sheng1	0.12	0		0	content_single_char	single_char	263	common-standard-level-1+pinyin-data
base_dictionary	矢	矢	shi	shi3	0.12	0		0	content_single_char	single_char	264	common-standard-level-1+pinyin-data
base_dictionary	失	失	shi	shi1	0.12	0		0	content_single_char	single_char	265	common-standard-level-1+pinyin-data
base_dictionary	乍	乍	zha	zha4	0.12	0		0	content_single_char	single_char	266	common-standard-level-1+pinyin-data
base_dictionary	禾	禾	he	he2	0.12	0		0	content_single_char	single_char	267	common-standard-level-1+pinyin-data
base_dictionary	丘	丘	qiu	qiu1	0.12	0		0	content_single_char	single_char	268	common-standard-level-1+pinyin-data
base_dictionary	付	付	fu	fu4	0.12	0		0	content_single_char	single_char	269	common-standard-level-1+pinyin-data
base_dictionary	仗	仗	zhang	zhang4	0.12	0		0	content_single_char	single_char	270	common-standard-level-1+pinyin-data
base_dictionary	代	代	dai	dai4	0.12	0		0	content_single_char	single_char	271	common-standard-level-1+pinyin-data
base_dictionary	仙	仙	xian	xian1	0.12	0		0	content_single_char	single_char	272	common-standard-level-1+pinyin-data
base_dictionary	们	们	men	men	0.12	0		0	content_single_char	single_char	273	common-standard-level-1+pinyin-data
base_dictionary	仪	仪	yi	yi2	0.12	0		0	content_single_char	single_char	274	common-standard-level-1+pinyin-data
base_dictionary	白	白	bai	bai2	0.12	0		0	content_single_char	single_char	275	common-standard-level-1+pinyin-data
base_dictionary	仔	仔	zai	zai3	0.12	0		0	content_single_char	single_char	276	common-standard-level-1+pinyin-data
base_dictionary	他	他	ta	ta1	0.30	0		0	function_single_char	single_char	277	common-standard-level-1+pinyin-data
base_dictionary	斥	斥	chi	chi4	0.12	0		0	content_single_char	single_char	278	common-standard-level-1+pinyin-data
base_dictionary	瓜	瓜	gua	gua1	0.12	0		0	content_single_char	single_char	279	common-standard-level-1+pinyin-data
base_dictionary	乎	乎	hu	hu1	0.12	0		0	content_single_char	single_char	280	common-standard-level-1+pinyin-data
base_dictionary	丛	丛	cong	cong2	0.12	0		0	content_single_char	single_char	281	common-standard-level-1+pinyin-data
base_dictionary	令	令	ling	ling4	0.12	0		0	content_single_char	single_char	282	common-standard-level-1+pinyin-data
base_dictionary	用	用	yong	yong4	0.30	0		0	function_single_char	single_char	283	common-standard-level-1+pinyin-data
base_dictionary	甩	甩	shuai	shuai3	0.12	0		0	content_single_char	single_char	284	common-standard-level-1+pinyin-data
base_dictionary	印	印	yin	yin4	0.12	0		0	content_single_char	single_char	285	common-standard-level-1+pinyin-data
base_dictionary	尔	尔	er	er3	0.12	0		0	content_single_char	single_char	286	common-standard-level-1+pinyin-data
base_dictionary	乐	乐	le	le4	0.12	0		0	content_single_char	single_char	287	common-standard-level-1+pinyin-data
base_dictionary	句	句	ju	ju4	0.12	0		0	content_single_char	single_char	288	common-standard-level-1+pinyin-data
base_dictionary	匆	匆	cong	cong1	0.12	0		0	content_single_char	single_char	289	common-standard-level-1+pinyin-data
base_dictionary	册	册	ce	ce4	0.12	0		0	content_single_char	single_char	290	common-standard-level-1+pinyin-data
base_dictionary	卯	卯	mao	mao3	0.12	0		0	content_single_char	single_char	291	common-standard-level-1+pinyin-data
base_dictionary	犯	犯	fan	fan4	0.12	0		0	content_single_char	single_char	292	common-standard-level-1+pinyin-data
base_dictionary	外	外	wai	wai4	0.24	0		0	place_direction_single_char	single_char	293	common-standard-level-1+pinyin-data
base_dictionary	处	处	chu	chu4	0.24	0		0	place_direction_single_char	single_char	294	common-standard-level-1+pinyin-data
base_dictionary	冬	冬	dong	dong1	0.12	0		0	content_single_char	single_char	295	common-standard-level-1+pinyin-data
base_dictionary	鸟	鸟	niao	niao3	0.12	0		0	content_single_char	single_char	296	common-standard-level-1+pinyin-data
base_dictionary	务	务	wu	wu4	0.12	0		0	content_single_char	single_char	297	common-standard-level-1+pinyin-data
base_dictionary	包	包	bao	bao1	0.12	0		0	content_single_char	single_char	298	common-standard-level-1+pinyin-data
base_dictionary	饥	饥	ji	ji1	0.12	0		0	content_single_char	single_char	299	common-standard-level-1+pinyin-data
base_dictionary	主	主	zhu	zhu3	0.12	0		0	content_single_char	single_char	300	common-standard-level-1+pinyin-data
base_dictionary	市	市	shi	shi4	0.24	0		0	place_direction_single_char	single_char	301	common-standard-level-1+pinyin-data
base_dictionary	立	立	li	li4	0.12	0		0	content_single_char	single_char	302	common-standard-level-1+pinyin-data
base_dictionary	冯	冯	feng	feng2	0.12	0		0	content_single_char	single_char	303	common-standard-level-1+pinyin-data
base_dictionary	玄	玄	xuan	xuan2	0.12	0		0	content_single_char	single_char	304	common-standard-level-1+pinyin-data
base_dictionary	闪	闪	shan	shan3	0.12	0		0	content_single_char	single_char	305	common-standard-level-1+pinyin-data
base_dictionary	兰	兰	lan	lan2	0.12	0		0	content_single_char	single_char	306	common-standard-level-1+pinyin-data
base_dictionary	半	半	ban	ban4	0.12	0		0	content_single_char	single_char	307	common-standard-level-1+pinyin-data
base_dictionary	汁	汁	zhi	zhi1	0.12	0		0	content_single_char	single_char	308	common-standard-level-1+pinyin-data
base_dictionary	汇	汇	hui	hui4	0.12	0		0	content_single_char	single_char	309	common-standard-level-1+pinyin-data
base_dictionary	头	头	tou	tou2	0.12	0		0	content_single_char	single_char	310	common-standard-level-1+pinyin-data
base_dictionary	汉	汉	han	han4	0.12	0		0	content_single_char	single_char	311	common-standard-level-1+pinyin-data
base_dictionary	宁	宁	ning	ning2	0.12	0		0	content_single_char	single_char	312	common-standard-level-1+pinyin-data
base_dictionary	穴	穴	xue	xue2	0.12	0		0	content_single_char	single_char	313	common-standard-level-1+pinyin-data
base_dictionary	它	它	ta	ta1	0.30	0		0	function_single_char	single_char	314	common-standard-level-1+pinyin-data
base_dictionary	讨	讨	tao	tao3	0.12	0		0	content_single_char	single_char	315	common-standard-level-1+pinyin-data
base_dictionary	写	写	xie	xie3	0.12	0		0	content_single_char	single_char	316	common-standard-level-1+pinyin-data
base_dictionary	让	让	rang	rang4	0.30	0		0	function_single_char	single_char	317	common-standard-level-1+pinyin-data
base_dictionary	礼	礼	li	li3	0.12	0		0	content_single_char	single_char	318	common-standard-level-1+pinyin-data
base_dictionary	训	训	xun	xun4	0.12	0		0	content_single_char	single_char	319	common-standard-level-1+pinyin-data
base_dictionary	议	议	yi	yi4	0.12	0		0	content_single_char	single_char	320	common-standard-level-1+pinyin-data
base_dictionary	必	必	bi	bi4	0.12	0		0	content_single_char	single_char	321	common-standard-level-1+pinyin-data
base_dictionary	讯	讯	xun	xun4	0.12	0		0	content_single_char	single_char	322	common-standard-level-1+pinyin-data
base_dictionary	记	记	ji	ji4	0.12	0		0	content_single_char	single_char	323	common-standard-level-1+pinyin-data
base_dictionary	永	永	yong	yong3	0.12	0		0	content_single_char	single_char	324	common-standard-level-1+pinyin-data
base_dictionary	司	司	si	si1	0.12	0		0	content_single_char	single_char	325	common-standard-level-1+pinyin-data
base_dictionary	尼	尼	ni	ni2	0.12	0		0	content_single_char	single_char	326	common-standard-level-1+pinyin-data
base_dictionary	民	民	min	min2	0.12	0		0	content_single_char	single_char	327	common-standard-level-1+pinyin-data
base_dictionary	弗	弗	fu	fu2	0.12	0		0	content_single_char	single_char	328	common-standard-level-1+pinyin-data
base_dictionary	弘	弘	hong	hong2	0.12	0		0	content_single_char	single_char	329	common-standard-level-1+pinyin-data
base_dictionary	出	出	chu	chu1	0.12	0		0	content_single_char	single_char	330	common-standard-level-1+pinyin-data
base_dictionary	辽	辽	liao	liao2	0.12	0		0	content_single_char	single_char	331	common-standard-level-1+pinyin-data
base_dictionary	奶	奶	nai	nai3	0.12	0		0	content_single_char	single_char	332	common-standard-level-1+pinyin-data
base_dictionary	奴	奴	nu	nu2	0.12	0		0	content_single_char	single_char	333	common-standard-level-1+pinyin-data
base_dictionary	召	召	zhao	zhao4	0.12	0		0	content_single_char	single_char	334	common-standard-level-1+pinyin-data
base_dictionary	加	加	jia	jia1	0.12	0		0	content_single_char	single_char	335	common-standard-level-1+pinyin-data
base_dictionary	皮	皮	pi	pi2	0.12	0		0	content_single_char	single_char	336	common-standard-level-1+pinyin-data
base_dictionary	边	边	bian	bian1	0.24	0		0	place_direction_single_char	single_char	337	common-standard-level-1+pinyin-data
base_dictionary	孕	孕	yun	yun4	0.12	0		0	content_single_char	single_char	338	common-standard-level-1+pinyin-data
base_dictionary	发	发	fa	fa1	0.12	0		0	content_single_char	single_char	339	common-standard-level-1+pinyin-data
base_dictionary	圣	圣	sheng	sheng4	0.12	0		0	content_single_char	single_char	340	common-standard-level-1+pinyin-data
base_dictionary	对	对	dui	dui4	0.30	0		0	function_single_char	single_char	341	common-standard-level-1+pinyin-data
base_dictionary	台	台	tai	tai2	0.22	0		0	measure_single_char	single_char	342	common-standard-level-1+pinyin-data
base_dictionary	矛	矛	mao	mao2	0.12	0		0	content_single_char	single_char	343	common-standard-level-1+pinyin-data
base_dictionary	纠	纠	jiu	jiu1	0.12	0		0	content_single_char	single_char	344	common-standard-level-1+pinyin-data
base_dictionary	母	母	mu	mu3	0.12	0		0	content_single_char	single_char	345	common-standard-level-1+pinyin-data
base_dictionary	幼	幼	you	you4	0.12	0		0	content_single_char	single_char	346	common-standard-level-1+pinyin-data
base_dictionary	丝	丝	si	si1	0.12	0		0	content_single_char	single_char	347	common-standard-level-1+pinyin-data
base_dictionary	邦	邦	bang	bang1	0.12	0		0	content_single_char	single_char	348	common-standard-level-1+pinyin-data
base_dictionary	式	式	shi	shi4	0.12	0		0	content_single_char	single_char	349	common-standard-level-1+pinyin-data
base_dictionary	迂	迂	yu	yu1	0.12	0		0	content_single_char	single_char	350	common-standard-level-1+pinyin-data
base_dictionary	刑	刑	xing	xing2	0.12	0		0	content_single_char	single_char	351	common-standard-level-1+pinyin-data
base_dictionary	戎	戎	rong	rong2	0.12	0		0	content_single_char	single_char	352	common-standard-level-1+pinyin-data
base_dictionary	动	动	dong	dong4	0.12	0		0	content_single_char	single_char	353	common-standard-level-1+pinyin-data
base_dictionary	扛	扛	kang	kang2	0.12	0		0	content_single_char	single_char	354	common-standard-level-1+pinyin-data
base_dictionary	寺	寺	si	si4	0.12	0		0	content_single_char	single_char	355	common-standard-level-1+pinyin-data
base_dictionary	吉	吉	ji	ji2	0.12	0		0	content_single_char	single_char	356	common-standard-level-1+pinyin-data
base_dictionary	扣	扣	kou	kou4	0.12	0		0	content_single_char	single_char	357	common-standard-level-1+pinyin-data
base_dictionary	考	考	kao	kao3	0.12	0		0	content_single_char	single_char	358	common-standard-level-1+pinyin-data
base_dictionary	托	托	tuo	tuo1	0.12	0		0	content_single_char	single_char	359	common-standard-level-1+pinyin-data
base_dictionary	老	老	lao	lao3	0.12	0		0	content_single_char	single_char	360	common-standard-level-1+pinyin-data
base_dictionary	巩	巩	gong	gong3	0.12	0		0	content_single_char	single_char	361	common-standard-level-1+pinyin-data
base_dictionary	圾	圾	ji	ji1	0.12	0		0	content_single_char	single_char	362	common-standard-level-1+pinyin-data
base_dictionary	执	执	zhi	zhi2	0.12	0		0	content_single_char	single_char	363	common-standard-level-1+pinyin-data
base_dictionary	扩	扩	kuo	kuo4	0.12	0		0	content_single_char	single_char	364	common-standard-level-1+pinyin-data
base_dictionary	扫	扫	sao	sao3	0.12	0		0	content_single_char	single_char	365	common-standard-level-1+pinyin-data
base_dictionary	地	地	di	di4	0.24	0		0	place_direction_single_char	single_char	366	common-standard-level-1+pinyin-data
base_dictionary	场	场	chang	chang3	0.12	0		0	content_single_char	single_char	367	common-standard-level-1+pinyin-data
base_dictionary	扬	扬	yang	yang2	0.12	0		0	content_single_char	single_char	368	common-standard-level-1+pinyin-data
base_dictionary	耳	耳	er	er3	0.12	0		0	content_single_char	single_char	369	common-standard-level-1+pinyin-data
base_dictionary	芋	芋	yu	yu4	0.12	0		0	content_single_char	single_char	370	common-standard-level-1+pinyin-data
base_dictionary	共	共	gong	gong4	0.12	0		0	content_single_char	single_char	371	common-standard-level-1+pinyin-data
base_dictionary	芒	芒	mang	mang2	0.12	0		0	content_single_char	single_char	372	common-standard-level-1+pinyin-data
base_dictionary	亚	亚	ya	ya4	0.12	0		0	content_single_char	single_char	373	common-standard-level-1+pinyin-data
base_dictionary	芝	芝	zhi	zhi1	0.12	0		0	content_single_char	single_char	374	common-standard-level-1+pinyin-data
base_dictionary	朽	朽	xiu	xiu3	0.12	0		0	content_single_char	single_char	375	common-standard-level-1+pinyin-data
base_dictionary	朴	朴	pu	pu3	0.12	0		0	content_single_char	single_char	376	common-standard-level-1+pinyin-data
base_dictionary	机	机	ji	ji1	0.14	0		0	service_content_single_char	single_char	377	common-standard-level-1+pinyin-data
base_dictionary	权	权	quan	quan2	0.12	0		0	content_single_char	single_char	378	common-standard-level-1+pinyin-data
base_dictionary	过	过	guo	guo4	0.12	0		0	content_single_char	single_char	379	common-standard-level-1+pinyin-data
base_dictionary	臣	臣	chen	chen2	0.12	0		0	content_single_char	single_char	380	common-standard-level-1+pinyin-data
base_dictionary	吏	吏	li	li4	0.12	0		0	content_single_char	single_char	381	common-standard-level-1+pinyin-data
base_dictionary	再	再	zai	zai4	0.30	0		0	function_single_char	single_char	382	common-standard-level-1+pinyin-data
base_dictionary	协	协	xie	xie2	0.12	0		0	content_single_char	single_char	383	common-standard-level-1+pinyin-data
base_dictionary	西	西	xi	xi1	0.24	0		0	place_direction_single_char	single_char	384	common-standard-level-1+pinyin-data
base_dictionary	压	压	ya	ya1	0.12	0		0	content_single_char	single_char	385	common-standard-level-1+pinyin-data
base_dictionary	厌	厌	yan	yan4	0.12	0		0	content_single_char	single_char	386	common-standard-level-1+pinyin-data
base_dictionary	戌	戌	xu	xu1	0.12	0		0	content_single_char	single_char	387	common-standard-level-1+pinyin-data
base_dictionary	在	在	zai	zai4	0.30	0		0	function_single_char	single_char	388	common-standard-level-1+pinyin-data
base_dictionary	百	百	bai	bai3	0.12	0		0	content_single_char	single_char	389	common-standard-level-1+pinyin-data
base_dictionary	有	有	you	you3	0.30	0		0	function_single_char	single_char	390	common-standard-level-1+pinyin-data
base_dictionary	存	存	cun	cun2	0.12	0		0	content_single_char	single_char	391	common-standard-level-1+pinyin-data
base_dictionary	而	而	er	er2	0.30	0		0	function_single_char	single_char	392	common-standard-level-1+pinyin-data
base_dictionary	页	页	ye	ye4	0.12	0		0	content_single_char	single_char	393	common-standard-level-1+pinyin-data
base_dictionary	匠	匠	jiang	jiang4	0.12	0		0	content_single_char	single_char	394	common-standard-level-1+pinyin-data
base_dictionary	夸	夸	kua	kua1	0.12	0		0	content_single_char	single_char	395	common-standard-level-1+pinyin-data
base_dictionary	夺	夺	duo	duo2	0.12	0		0	content_single_char	single_char	396	common-standard-level-1+pinyin-data
base_dictionary	灰	灰	hui	hui1	0.12	0		0	content_single_char	single_char	397	common-standard-level-1+pinyin-data
base_dictionary	达	达	da	da2	0.12	0		0	content_single_char	single_char	398	common-standard-level-1+pinyin-data
base_dictionary	列	列	lie	lie4	0.12	0		0	content_single_char	single_char	399	common-standard-level-1+pinyin-data
base_dictionary	死	死	si	si3	0.12	0		0	content_single_char	single_char	400	common-standard-level-1+pinyin-data
base_dictionary	成	成	cheng	cheng2	0.12	0		0	content_single_char	single_char	401	common-standard-level-1+pinyin-data
base_dictionary	夹	夹	jia	jia1	0.12	0		0	content_single_char	single_char	402	common-standard-level-1+pinyin-data
base_dictionary	夷	夷	yi	yi2	0.12	0		0	content_single_char	single_char	403	common-standard-level-1+pinyin-data
base_dictionary	轨	轨	gui	gui3	0.12	0		0	content_single_char	single_char	404	common-standard-level-1+pinyin-data
base_dictionary	邪	邪	xie	xie2	0.12	0		0	content_single_char	single_char	405	common-standard-level-1+pinyin-data
base_dictionary	尧	尧	yao	yao2	0.12	0		0	content_single_char	single_char	406	common-standard-level-1+pinyin-data
base_dictionary	划	划	hua	hua4	0.12	0		0	content_single_char	single_char	407	common-standard-level-1+pinyin-data
base_dictionary	迈	迈	mai	mai4	0.12	0		0	content_single_char	single_char	408	common-standard-level-1+pinyin-data
base_dictionary	毕	毕	bi	bi4	0.12	0		0	content_single_char	single_char	409	common-standard-level-1+pinyin-data
base_dictionary	至	至	zhi	zhi4	0.30	0		0	function_single_char	single_char	410	common-standard-level-1+pinyin-data
base_dictionary	此	此	ci	ci3	0.12	0		0	content_single_char	single_char	411	common-standard-level-1+pinyin-data
base_dictionary	贞	贞	zhen	zhen1	0.12	0		0	content_single_char	single_char	412	common-standard-level-1+pinyin-data
base_dictionary	师	师	shi	shi1	0.12	0		0	content_single_char	single_char	413	common-standard-level-1+pinyin-data
base_dictionary	尘	尘	chen	chen2	0.12	0		0	content_single_char	single_char	414	common-standard-level-1+pinyin-data
base_dictionary	尖	尖	jian	jian1	0.12	0		0	content_single_char	single_char	415	common-standard-level-1+pinyin-data
base_dictionary	劣	劣	lie	lie4	0.12	0		0	content_single_char	single_char	416	common-standard-level-1+pinyin-data
base_dictionary	光	光	guang	guang1	0.12	0		0	content_single_char	single_char	417	common-standard-level-1+pinyin-data
base_dictionary	当	当	dang	dang1	0.12	0		0	content_single_char	single_char	418	common-standard-level-1+pinyin-data
base_dictionary	早	早	zao	zao3	0.26	0		0	time_single_char	single_char	419	common-standard-level-1+pinyin-data
base_dictionary	吁	吁	xu	xu1	0.12	0		0	content_single_char	single_char	420	common-standard-level-1+pinyin-data
base_dictionary	吐	吐	tu	tu3	0.12	0		0	content_single_char	single_char	421	common-standard-level-1+pinyin-data
base_dictionary	吓	吓	xia	xia4	0.12	0		0	content_single_char	single_char	422	common-standard-level-1+pinyin-data
base_dictionary	虫	虫	chong	chong2	0.12	0		0	content_single_char	single_char	423	common-standard-level-1+pinyin-data
base_dictionary	曲	曲	qu	qu1	0.12	0		0	content_single_char	single_char	424	common-standard-level-1+pinyin-data
base_dictionary	团	团	tuan	tuan2	0.12	0		0	content_single_char	single_char	425	common-standard-level-1+pinyin-data
base_dictionary	吕	吕	lv	lv3	0.12	0		0	content_single_char	single_char	426	common-standard-level-1+pinyin-data
base_dictionary	同	同	tong	tong2	0.12	0		0	content_single_char	single_char	427	common-standard-level-1+pinyin-data
base_dictionary	吊	吊	diao	diao4	0.12	0		0	content_single_char	single_char	428	common-standard-level-1+pinyin-data
base_dictionary	吃	吃	chi	chi1	0.12	0		0	content_single_char	single_char	429	common-standard-level-1+pinyin-data
base_dictionary	因	因	yin	yin1	0.30	0		0	function_single_char	single_char	430	common-standard-level-1+pinyin-data
base_dictionary	吸	吸	xi	xi1	0.12	0		0	content_single_char	single_char	431	common-standard-level-1+pinyin-data
base_dictionary	吗	吗	ma	ma	0.30	0		0	function_single_char	single_char	432	common-standard-level-1+pinyin-data
base_dictionary	吆	吆	yao	yao1	0.12	0		0	content_single_char	single_char	433	common-standard-level-1+pinyin-data
base_dictionary	屿	屿	yu	yu3	0.12	0		0	content_single_char	single_char	434	common-standard-level-1+pinyin-data
base_dictionary	屹	屹	yi	yi4	0.12	0		0	content_single_char	single_char	435	common-standard-level-1+pinyin-data
base_dictionary	岁	岁	sui	sui4	0.12	0		0	content_single_char	single_char	436	common-standard-level-1+pinyin-data
base_dictionary	帆	帆	fan	fan1	0.12	0		0	content_single_char	single_char	437	common-standard-level-1+pinyin-data
base_dictionary	回	回	hui	hui2	0.12	0		0	content_single_char	single_char	438	common-standard-level-1+pinyin-data
base_dictionary	岂	岂	qi	qi3	0.12	0		0	content_single_char	single_char	439	common-standard-level-1+pinyin-data
base_dictionary	则	则	ze	ze2	0.30	0		0	function_single_char	single_char	440	common-standard-level-1+pinyin-data
base_dictionary	刚	刚	gang	gang1	0.26	0		0	time_single_char	single_char	441	common-standard-level-1+pinyin-data
base_dictionary	网	网	wang	wang3	0.12	0		0	content_single_char	single_char	442	common-standard-level-1+pinyin-data
base_dictionary	肉	肉	rou	rou4	0.12	0		0	content_single_char	single_char	443	common-standard-level-1+pinyin-data
base_dictionary	年	年	nian	nian2	0.26	0		0	time_single_char	single_char	444	common-standard-level-1+pinyin-data
base_dictionary	朱	朱	zhu	zhu1	0.12	0		0	content_single_char	single_char	445	common-standard-level-1+pinyin-data
base_dictionary	先	先	xian	xian1	0.26	0		0	time_single_char	single_char	446	common-standard-level-1+pinyin-data
base_dictionary	丢	丢	diu	diu1	0.12	0		0	content_single_char	single_char	447	common-standard-level-1+pinyin-data
base_dictionary	廷	廷	ting	ting2	0.12	0		0	content_single_char	single_char	448	common-standard-level-1+pinyin-data
base_dictionary	舌	舌	she	she2	0.12	0		0	content_single_char	single_char	449	common-standard-level-1+pinyin-data
base_dictionary	竹	竹	zhu	zhu2	0.12	0		0	content_single_char	single_char	450	common-standard-level-1+pinyin-data
base_dictionary	迁	迁	qian	qian1	0.12	0		0	content_single_char	single_char	451	common-standard-level-1+pinyin-data
base_dictionary	乔	乔	qiao	qiao2	0.12	0		0	content_single_char	single_char	452	common-standard-level-1+pinyin-data
base_dictionary	迄	迄	qi	qi4	0.12	0		0	content_single_char	single_char	453	common-standard-level-1+pinyin-data
base_dictionary	伟	伟	wei	wei3	0.12	0		0	content_single_char	single_char	454	common-standard-level-1+pinyin-data
base_dictionary	传	传	chuan	chuan2	0.12	0		0	content_single_char	single_char	455	common-standard-level-1+pinyin-data
base_dictionary	乒	乒	ping	ping1	0.12	0		0	content_single_char	single_char	456	common-standard-level-1+pinyin-data
base_dictionary	乓	乓	pang	pang1	0.12	0		0	content_single_char	single_char	457	common-standard-level-1+pinyin-data
base_dictionary	休	休	xiu	xiu1	0.12	0		0	content_single_char	single_char	458	common-standard-level-1+pinyin-data
base_dictionary	伍	伍	wu	wu3	0.12	0		0	content_single_char	single_char	459	common-standard-level-1+pinyin-data
base_dictionary	伏	伏	fu	fu2	0.12	0		0	content_single_char	single_char	460	common-standard-level-1+pinyin-data
base_dictionary	优	优	you	you1	0.12	0		0	content_single_char	single_char	461	common-standard-level-1+pinyin-data
base_dictionary	臼	臼	jiu	jiu4	0.12	0		0	content_single_char	single_char	462	common-standard-level-1+pinyin-data
base_dictionary	伐	伐	fa	fa2	0.12	0		0	content_single_char	single_char	463	common-standard-level-1+pinyin-data
base_dictionary	延	延	yan	yan2	0.12	0		0	content_single_char	single_char	464	common-standard-level-1+pinyin-data
base_dictionary	仲	仲	zhong	zhong4	0.12	0		0	content_single_char	single_char	465	common-standard-level-1+pinyin-data
base_dictionary	件	件	jian	jian4	0.22	0		0	measure_single_char	single_char	466	common-standard-level-1+pinyin-data
base_dictionary	任	任	ren	ren4	0.12	0		0	content_single_char	single_char	467	common-standard-level-1+pinyin-data
base_dictionary	伤	伤	shang	shang1	0.12	0		0	content_single_char	single_char	468	common-standard-level-1+pinyin-data
base_dictionary	价	价	jia	jia4	0.12	0		0	content_single_char	single_char	469	common-standard-level-1+pinyin-data
base_dictionary	伦	伦	lun	lun2	0.12	0		0	content_single_char	single_char	470	common-standard-level-1+pinyin-data
base_dictionary	份	份	fen	fen4	0.22	0		0	measure_single_char	single_char	471	common-standard-level-1+pinyin-data
base_dictionary	华	华	hua	hua2	0.12	0		0	content_single_char	single_char	472	common-standard-level-1+pinyin-data
base_dictionary	仰	仰	yang	yang3	0.12	0		0	content_single_char	single_char	473	common-standard-level-1+pinyin-data
base_dictionary	仿	仿	fang	fang3	0.12	0		0	content_single_char	single_char	474	common-standard-level-1+pinyin-data
base_dictionary	伙	伙	huo	huo3	0.12	0		0	content_single_char	single_char	475	common-standard-level-1+pinyin-data
base_dictionary	伪	伪	wei	wei3	0.12	0		0	content_single_char	single_char	476	common-standard-level-1+pinyin-data
base_dictionary	自	自	zi	zi4	0.12	0		0	content_single_char	single_char	477	common-standard-level-1+pinyin-data
base_dictionary	伊	伊	yi	yi1	0.12	0		0	content_single_char	single_char	478	common-standard-level-1+pinyin-data
base_dictionary	血	血	xue	xue4	0.14	0		0	service_content_single_char	single_char	479	common-standard-level-1+pinyin-data
base_dictionary	向	向	xiang	xiang4	0.30	0		0	function_single_char	single_char	480	common-standard-level-1+pinyin-data
base_dictionary	似	似	shi	shi4	0.12	0		0	content_single_char	single_char	481	common-standard-level-1+pinyin-data
base_dictionary	后	后	hou	hou4	0.26	0		0	time_single_char	single_char	482	common-standard-level-1+pinyin-data
base_dictionary	行	行	xing	xing2	0.12	0		0	content_single_char	single_char	483	common-standard-level-1+pinyin-data
base_dictionary	舟	舟	zhou	zhou1	0.12	0		0	content_single_char	single_char	484	common-standard-level-1+pinyin-data
base_dictionary	全	全	quan	quan2	0.12	0		0	content_single_char	single_char	485	common-standard-level-1+pinyin-data
base_dictionary	会	会	hui	hui4	0.30	0		0	function_single_char	single_char	486	common-standard-level-1+pinyin-data
base_dictionary	杀	杀	sha	sha1	0.12	0		0	content_single_char	single_char	487	common-standard-level-1+pinyin-data
base_dictionary	合	合	he	he2	0.12	0		0	content_single_char	single_char	488	common-standard-level-1+pinyin-data
base_dictionary	兆	兆	zhao	zhao4	0.12	0		0	content_single_char	single_char	489	common-standard-level-1+pinyin-data
base_dictionary	企	企	qi	qi3	0.12	0		0	content_single_char	single_char	490	common-standard-level-1+pinyin-data
base_dictionary	众	众	zhong	zhong4	0.12	0		0	content_single_char	single_char	491	common-standard-level-1+pinyin-data
base_dictionary	爷	爷	ye	ye2	0.12	0		0	content_single_char	single_char	492	common-standard-level-1+pinyin-data
base_dictionary	伞	伞	san	san3	0.12	0		0	content_single_char	single_char	493	common-standard-level-1+pinyin-data
base_dictionary	创	创	chuang	chuang4	0.12	0		0	content_single_char	single_char	494	common-standard-level-1+pinyin-data
base_dictionary	肌	肌	ji	ji1	0.12	0		0	content_single_char	single_char	495	common-standard-level-1+pinyin-data
base_dictionary	肋	肋	le	le1	0.12	0		0	content_single_char	single_char	496	common-standard-level-1+pinyin-data
base_dictionary	朵	朵	duo	duo3	0.12	0		0	content_single_char	single_char	497	common-standard-level-1+pinyin-data
base_dictionary	杂	杂	za	za2	0.12	0		0	content_single_char	single_char	498	common-standard-level-1+pinyin-data
base_dictionary	危	危	wei	wei1	0.12	0		0	content_single_char	single_char	499	common-standard-level-1+pinyin-data
base_dictionary	旬	旬	xun	xun2	0.12	0		0	content_single_char	single_char	500	common-standard-level-1+pinyin-data
base_dictionary	旨	旨	zhi	zhi3	0.12	0		0	content_single_char	single_char	501	common-standard-level-1+pinyin-data
base_dictionary	旭	旭	xu	xu4	0.12	0		0	content_single_char	single_char	502	common-standard-level-1+pinyin-data
base_dictionary	负	负	fu	fu4	0.12	0		0	content_single_char	single_char	503	common-standard-level-1+pinyin-data
base_dictionary	匈	匈	xiong	xiong1	0.12	0		0	content_single_char	single_char	504	common-standard-level-1+pinyin-data
base_dictionary	名	名	ming	ming2	0.12	0		0	content_single_char	single_char	505	common-standard-level-1+pinyin-data
base_dictionary	各	各	ge	ge4	0.12	0		0	content_single_char	single_char	506	common-standard-level-1+pinyin-data
base_dictionary	多	多	duo	duo1	0.12	0		0	content_single_char	single_char	507	common-standard-level-1+pinyin-data
base_dictionary	争	争	zheng	zheng1	0.12	0		0	content_single_char	single_char	508	common-standard-level-1+pinyin-data
base_dictionary	色	色	se	se4	0.12	0		0	content_single_char	single_char	509	common-standard-level-1+pinyin-data
base_dictionary	壮	壮	zhuang	zhuang4	0.12	0		0	content_single_char	single_char	510	common-standard-level-1+pinyin-data
base_dictionary	冲	冲	chong	chong1	0.12	0		0	content_single_char	single_char	511	common-standard-level-1+pinyin-data
base_dictionary	妆	妆	zhuang	zhuang1	0.12	0		0	content_single_char	single_char	512	common-standard-level-1+pinyin-data
base_dictionary	冰	冰	bing	bing1	0.12	0		0	content_single_char	single_char	513	common-standard-level-1+pinyin-data
base_dictionary	庄	庄	zhuang	zhuang1	0.12	0		0	content_single_char	single_char	514	common-standard-level-1+pinyin-data
base_dictionary	庆	庆	qing	qing4	0.12	0		0	content_single_char	single_char	515	common-standard-level-1+pinyin-data
base_dictionary	亦	亦	yi	yi4	0.12	0		0	content_single_char	single_char	516	common-standard-level-1+pinyin-data
base_dictionary	刘	刘	liu	liu2	0.12	0		0	content_single_char	single_char	517	common-standard-level-1+pinyin-data
base_dictionary	齐	齐	qi	qi2	0.12	0		0	content_single_char	single_char	518	common-standard-level-1+pinyin-data
base_dictionary	交	交	jiao	jiao1	0.12	0		0	content_single_char	single_char	519	common-standard-level-1+pinyin-data
base_dictionary	衣	衣	yi	yi1	0.12	0		0	content_single_char	single_char	520	common-standard-level-1+pinyin-data
base_dictionary	次	次	ci	ci4	0.26	0		0	time_single_char	single_char	521	common-standard-level-1+pinyin-data
base_dictionary	产	产	chan	chan3	0.12	0		0	content_single_char	single_char	522	common-standard-level-1+pinyin-data
base_dictionary	决	决	jue	jue2	0.12	0		0	content_single_char	single_char	523	common-standard-level-1+pinyin-data
base_dictionary	亥	亥	hai	hai4	0.12	0		0	content_single_char	single_char	524	common-standard-level-1+pinyin-data
base_dictionary	充	充	chong	chong1	0.12	0		0	content_single_char	single_char	525	common-standard-level-1+pinyin-data
base_dictionary	妄	妄	wang	wang4	0.12	0		0	content_single_char	single_char	526	common-standard-level-1+pinyin-data
base_dictionary	闭	闭	bi	bi4	0.12	0		0	content_single_char	single_char	527	common-standard-level-1+pinyin-data
base_dictionary	问	问	wen	wen4	0.30	0		0	function_single_char	single_char	528	common-standard-level-1+pinyin-data
base_dictionary	闯	闯	chuang	chuang3	0.12	0		0	content_single_char	single_char	529	common-standard-level-1+pinyin-data
base_dictionary	羊	羊	yang	yang2	0.12	0		0	content_single_char	single_char	530	common-standard-level-1+pinyin-data
base_dictionary	并	并	bing	bing4	0.30	0		0	function_single_char	single_char	531	common-standard-level-1+pinyin-data
base_dictionary	关	关	guan	guan1	0.12	0		0	content_single_char	single_char	532	common-standard-level-1+pinyin-data
base_dictionary	米	米	mi	mi3	0.22	0		0	measure_single_char	single_char	533	common-standard-level-1+pinyin-data
base_dictionary	灯	灯	deng	deng1	0.12	0		0	content_single_char	single_char	534	common-standard-level-1+pinyin-data
base_dictionary	州	州	zhou	zhou1	0.12	0		0	content_single_char	single_char	535	common-standard-level-1+pinyin-data
base_dictionary	汗	汗	han	han4	0.12	0		0	content_single_char	single_char	536	common-standard-level-1+pinyin-data
base_dictionary	污	污	wu	wu1	0.12	0		0	content_single_char	single_char	537	common-standard-level-1+pinyin-data
base_dictionary	江	江	jiang	jiang1	0.12	0		0	content_single_char	single_char	538	common-standard-level-1+pinyin-data
base_dictionary	汛	汛	xun	xun4	0.12	0		0	content_single_char	single_char	539	common-standard-level-1+pinyin-data
base_dictionary	池	池	chi	chi2	0.12	0		0	content_single_char	single_char	540	common-standard-level-1+pinyin-data
base_dictionary	汝	汝	ru	ru3	0.12	0		0	content_single_char	single_char	541	common-standard-level-1+pinyin-data
base_dictionary	汤	汤	tang	tang1	0.12	0		0	content_single_char	single_char	542	common-standard-level-1+pinyin-data
base_dictionary	忙	忙	mang	mang2	0.12	0		0	content_single_char	single_char	543	common-standard-level-1+pinyin-data
base_dictionary	兴	兴	xing	xing1	0.12	0		0	content_single_char	single_char	544	common-standard-level-1+pinyin-data
base_dictionary	宇	宇	yu	yu3	0.12	0		0	content_single_char	single_char	545	common-standard-level-1+pinyin-data
base_dictionary	守	守	shou	shou3	0.12	0		0	content_single_char	single_char	546	common-standard-level-1+pinyin-data
base_dictionary	宅	宅	zhai	zhai2	0.12	0		0	content_single_char	single_char	547	common-standard-level-1+pinyin-data
base_dictionary	字	字	zi	zi4	0.12	0		0	content_single_char	single_char	548	common-standard-level-1+pinyin-data
base_dictionary	安	安	an	an1	0.12	0		0	content_single_char	single_char	549	common-standard-level-1+pinyin-data
base_dictionary	讲	讲	jiang	jiang3	0.12	0		0	content_single_char	single_char	550	common-standard-level-1+pinyin-data
base_dictionary	讳	讳	hui	hui4	0.12	0		0	content_single_char	single_char	551	common-standard-level-1+pinyin-data
base_dictionary	军	军	jun	jun1	0.12	0		0	content_single_char	single_char	552	common-standard-level-1+pinyin-data
base_dictionary	讶	讶	ya	ya4	0.12	0		0	content_single_char	single_char	553	common-standard-level-1+pinyin-data
base_dictionary	许	许	xu	xu3	0.12	0		0	content_single_char	single_char	554	common-standard-level-1+pinyin-data
base_dictionary	讹	讹	e	e2	0.12	0		0	content_single_char	single_char	555	common-standard-level-1+pinyin-data
base_dictionary	论	论	lun	lun4	0.12	0		0	content_single_char	single_char	556	common-standard-level-1+pinyin-data
base_dictionary	讼	讼	song	song4	0.12	0		0	content_single_char	single_char	557	common-standard-level-1+pinyin-data
base_dictionary	农	农	nong	nong2	0.12	0		0	content_single_char	single_char	558	common-standard-level-1+pinyin-data
base_dictionary	讽	讽	feng	feng3	0.12	0		0	content_single_char	single_char	559	common-standard-level-1+pinyin-data
base_dictionary	设	设	she	she4	0.12	0		0	content_single_char	single_char	560	common-standard-level-1+pinyin-data
base_dictionary	访	访	fang	fang3	0.12	0		0	content_single_char	single_char	561	common-standard-level-1+pinyin-data
base_dictionary	诀	诀	jue	jue2	0.12	0		0	content_single_char	single_char	562	common-standard-level-1+pinyin-data
base_dictionary	寻	寻	xun	xun2	0.12	0		0	content_single_char	single_char	563	common-standard-level-1+pinyin-data
base_dictionary	那	那	na	na4	0.30	0		0	function_single_char	single_char	564	common-standard-level-1+pinyin-data
base_dictionary	迅	迅	xun	xun4	0.12	0		0	content_single_char	single_char	565	common-standard-level-1+pinyin-data
base_dictionary	尽	尽	jin	jin3	0.12	0		0	content_single_char	single_char	566	common-standard-level-1+pinyin-data
base_dictionary	导	导	dao	dao3	0.12	0		0	content_single_char	single_char	567	common-standard-level-1+pinyin-data
base_dictionary	异	异	yi	yi4	0.12	0		0	content_single_char	single_char	568	common-standard-level-1+pinyin-data
base_dictionary	弛	弛	chi	chi2	0.12	0		0	content_single_char	single_char	569	common-standard-level-1+pinyin-data
base_dictionary	孙	孙	sun	sun1	0.12	0		0	content_single_char	single_char	570	common-standard-level-1+pinyin-data
base_dictionary	阵	阵	zhen	zhen4	0.12	0		0	content_single_char	single_char	571	common-standard-level-1+pinyin-data
base_dictionary	阳	阳	yang	yang2	0.12	0		0	content_single_char	single_char	572	common-standard-level-1+pinyin-data
base_dictionary	收	收	shou	shou1	0.12	0		0	content_single_char	single_char	573	common-standard-level-1+pinyin-data
base_dictionary	阶	阶	jie	jie1	0.12	0		0	content_single_char	single_char	574	common-standard-level-1+pinyin-data
base_dictionary	阴	阴	yin	yin1	0.12	0		0	content_single_char	single_char	575	common-standard-level-1+pinyin-data
base_dictionary	防	防	fang	fang2	0.12	0		0	content_single_char	single_char	576	common-standard-level-1+pinyin-data
base_dictionary	奸	奸	jian	jian1	0.12	0		0	content_single_char	single_char	577	common-standard-level-1+pinyin-data
base_dictionary	如	如	ru	ru2	0.30	0		0	function_single_char	single_char	578	common-standard-level-1+pinyin-data
base_dictionary	妇	妇	fu	fu4	0.12	0		0	content_single_char	single_char	579	common-standard-level-1+pinyin-data
base_dictionary	妃	妃	fei	fei1	0.12	0		0	content_single_char	single_char	580	common-standard-level-1+pinyin-data
base_dictionary	好	好	hao	hao3	0.12	0		0	content_single_char	single_char	581	common-standard-level-1+pinyin-data
base_dictionary	她	她	ta	ta1	0.30	0		0	function_single_char	single_char	582	common-standard-level-1+pinyin-data
base_dictionary	妈	妈	ma	ma1	0.12	0		0	content_single_char	single_char	583	common-standard-level-1+pinyin-data
base_dictionary	戏	戏	xi	xi4	0.12	0		0	content_single_char	single_char	584	common-standard-level-1+pinyin-data
base_dictionary	羽	羽	yu	yu3	0.12	0		0	content_single_char	single_char	585	common-standard-level-1+pinyin-data
base_dictionary	观	观	guan	guan1	0.12	0		0	content_single_char	single_char	586	common-standard-level-1+pinyin-data
base_dictionary	欢	欢	huan	huan1	0.12	0		0	content_single_char	single_char	587	common-standard-level-1+pinyin-data
base_dictionary	买	买	mai	mai3	0.30	0		0	function_single_char	single_char	588	common-standard-level-1+pinyin-data
base_dictionary	红	红	hong	hong2	0.12	0		0	content_single_char	single_char	589	common-standard-level-1+pinyin-data
base_dictionary	驮	驮	tuo	tuo2	0.12	0		0	content_single_char	single_char	590	common-standard-level-1+pinyin-data
base_dictionary	纤	纤	xian	xian1	0.12	0		0	content_single_char	single_char	591	common-standard-level-1+pinyin-data
base_dictionary	驯	驯	xun	xun4	0.12	0		0	content_single_char	single_char	592	common-standard-level-1+pinyin-data
base_dictionary	约	约	yue	yue1	0.12	0		0	content_single_char	single_char	593	common-standard-level-1+pinyin-data
base_dictionary	级	级	ji	ji2	0.12	0		0	content_single_char	single_char	594	common-standard-level-1+pinyin-data
base_dictionary	纪	纪	ji	ji4	0.12	0		0	content_single_char	single_char	595	common-standard-level-1+pinyin-data
base_dictionary	驰	驰	chi	chi2	0.12	0		0	content_single_char	single_char	596	common-standard-level-1+pinyin-data
base_dictionary	纫	纫	ren	ren4	0.12	0		0	content_single_char	single_char	597	common-standard-level-1+pinyin-data
base_dictionary	巡	巡	xun	xun2	0.12	0		0	content_single_char	single_char	598	common-standard-level-1+pinyin-data
base_dictionary	寿	寿	shou	shou4	0.12	0		0	content_single_char	single_char	599	common-standard-level-1+pinyin-data
base_dictionary	弄	弄	nong	nong4	0.12	0		0	content_single_char	single_char	600	common-standard-level-1+pinyin-data
base_dictionary	麦	麦	mai	mai4	0.12	0		0	content_single_char	single_char	601	common-standard-level-1+pinyin-data
base_dictionary	玖	玖	jiu	jiu3	0.12	0		0	content_single_char	single_char	602	common-standard-level-1+pinyin-data
base_dictionary	玛	玛	ma	ma3	0.12	0		0	content_single_char	single_char	603	common-standard-level-1+pinyin-data
base_dictionary	形	形	xing	xing2	0.12	0		0	content_single_char	single_char	604	common-standard-level-1+pinyin-data
base_dictionary	进	进	jin	jin4	0.12	0		0	content_single_char	single_char	605	common-standard-level-1+pinyin-data
base_dictionary	戒	戒	jie	jie4	0.12	0		0	content_single_char	single_char	606	common-standard-level-1+pinyin-data
base_dictionary	吞	吞	tun	tun1	0.12	0		0	content_single_char	single_char	607	common-standard-level-1+pinyin-data
base_dictionary	远	远	yuan	yuan3	0.12	0		0	content_single_char	single_char	608	common-standard-level-1+pinyin-data
base_dictionary	违	违	wei	wei2	0.12	0		0	content_single_char	single_char	609	common-standard-level-1+pinyin-data
base_dictionary	韧	韧	ren	ren4	0.12	0		0	content_single_char	single_char	610	common-standard-level-1+pinyin-data
base_dictionary	运	运	yun	yun4	0.12	0		0	content_single_char	single_char	611	common-standard-level-1+pinyin-data
base_dictionary	扶	扶	fu	fu2	0.12	0		0	content_single_char	single_char	612	common-standard-level-1+pinyin-data
base_dictionary	抚	抚	fu	fu3	0.12	0		0	content_single_char	single_char	613	common-standard-level-1+pinyin-data
base_dictionary	坛	坛	tan	tan2	0.12	0		0	content_single_char	single_char	614	common-standard-level-1+pinyin-data
base_dictionary	技	技	ji	ji4	0.12	0		0	content_single_char	single_char	615	common-standard-level-1+pinyin-data
base_dictionary	坏	坏	huai	huai4	0.12	0		0	content_single_char	single_char	616	common-standard-level-1+pinyin-data
base_dictionary	抠	抠	kou	kou1	0.12	0		0	content_single_char	single_char	617	common-standard-level-1+pinyin-data
base_dictionary	扰	扰	rao	rao3	0.12	0		0	content_single_char	single_char	618	common-standard-level-1+pinyin-data
base_dictionary	扼	扼	e	e4	0.12	0		0	content_single_char	single_char	619	common-standard-level-1+pinyin-data
base_dictionary	拒	拒	ju	ju4	0.12	0		0	content_single_char	single_char	620	common-standard-level-1+pinyin-data
base_dictionary	找	找	zhao	zhao3	0.30	0		0	function_single_char	single_char	621	common-standard-level-1+pinyin-data
base_dictionary	批	批	pi	pi1	0.12	0		0	content_single_char	single_char	622	common-standard-level-1+pinyin-data
base_dictionary	址	址	zhi	zhi3	0.12	0		0	content_single_char	single_char	623	common-standard-level-1+pinyin-data
base_dictionary	扯	扯	che	che3	0.12	0		0	content_single_char	single_char	624	common-standard-level-1+pinyin-data
base_dictionary	走	走	zou	zou3	0.12	0		0	content_single_char	single_char	625	common-standard-level-1+pinyin-data
base_dictionary	抄	抄	chao	chao1	0.12	0		0	content_single_char	single_char	626	common-standard-level-1+pinyin-data
base_dictionary	贡	贡	gong	gong4	0.12	0		0	content_single_char	single_char	627	common-standard-level-1+pinyin-data
base_dictionary	汞	汞	gong	gong3	0.12	0		0	content_single_char	single_char	628	common-standard-level-1+pinyin-data
base_dictionary	坝	坝	ba	ba4	0.12	0		0	content_single_char	single_char	629	common-standard-level-1+pinyin-data
base_dictionary	攻	攻	gong	gong1	0.12	0		0	content_single_char	single_char	630	common-standard-level-1+pinyin-data
base_dictionary	赤	赤	chi	chi4	0.12	0		0	content_single_char	single_char	631	common-standard-level-1+pinyin-data
base_dictionary	折	折	zhe	zhe2	0.12	0		0	content_single_char	single_char	632	common-standard-level-1+pinyin-data
base_dictionary	抓	抓	zhua	zhua1	0.12	0		0	content_single_char	single_char	633	common-standard-level-1+pinyin-data
base_dictionary	扳	扳	ban	ban1	0.12	0		0	content_single_char	single_char	634	common-standard-level-1+pinyin-data
base_dictionary	抡	抡	lun	lun1	0.12	0		0	content_single_char	single_char	635	common-standard-level-1+pinyin-data
base_dictionary	扮	扮	ban	ban4	0.12	0		0	content_single_char	single_char	636	common-standard-level-1+pinyin-data
base_dictionary	抢	抢	qiang	qiang3	0.12	0		0	content_single_char	single_char	637	common-standard-level-1+pinyin-data
base_dictionary	孝	孝	xiao	xiao4	0.12	0		0	content_single_char	single_char	638	common-standard-level-1+pinyin-data
base_dictionary	坎	坎	kan	kan3	0.12	0		0	content_single_char	single_char	639	common-standard-level-1+pinyin-data
base_dictionary	均	均	jun	jun1	0.12	0		0	content_single_char	single_char	640	common-standard-level-1+pinyin-data
base_dictionary	抑	抑	yi	yi4	0.12	0		0	content_single_char	single_char	641	common-standard-level-1+pinyin-data
base_dictionary	抛	抛	pao	pao1	0.12	0		0	content_single_char	single_char	642	common-standard-level-1+pinyin-data
base_dictionary	投	投	tou	tou2	0.12	0		0	content_single_char	single_char	643	common-standard-level-1+pinyin-data
base_dictionary	坟	坟	fen	fen2	0.12	0		0	content_single_char	single_char	644	common-standard-level-1+pinyin-data
base_dictionary	坑	坑	keng	keng1	0.12	0		0	content_single_char	single_char	645	common-standard-level-1+pinyin-data
base_dictionary	抗	抗	kang	kang4	0.12	0		0	content_single_char	single_char	646	common-standard-level-1+pinyin-data
base_dictionary	坊	坊	fang	fang1	0.12	0		0	content_single_char	single_char	647	common-standard-level-1+pinyin-data
base_dictionary	抖	抖	dou	dou3	0.12	0		0	content_single_char	single_char	648	common-standard-level-1+pinyin-data
base_dictionary	护	护	hu	hu4	0.12	0		0	content_single_char	single_char	649	common-standard-level-1+pinyin-data
base_dictionary	壳	壳	ke	ke2	0.12	0		0	content_single_char	single_char	650	common-standard-level-1+pinyin-data
base_dictionary	志	志	zhi	zhi4	0.12	0		0	content_single_char	single_char	651	common-standard-level-1+pinyin-data
base_dictionary	块	块	kuai	kuai4	0.22	0		0	measure_single_char	single_char	652	common-standard-level-1+pinyin-data
base_dictionary	扭	扭	niu	niu3	0.12	0		0	content_single_char	single_char	653	common-standard-level-1+pinyin-data
base_dictionary	声	声	sheng	sheng1	0.12	0		0	content_single_char	single_char	654	common-standard-level-1+pinyin-data
base_dictionary	把	把	ba	ba3	0.30	0		0	function_single_char	single_char	655	common-standard-level-1+pinyin-data
base_dictionary	报	报	bao	bao4	0.12	0		0	content_single_char	single_char	656	common-standard-level-1+pinyin-data
base_dictionary	拟	拟	ni	ni3	0.12	0		0	content_single_char	single_char	657	common-standard-level-1+pinyin-data
base_dictionary	却	却	que	que4	0.12	0		0	content_single_char	single_char	658	common-standard-level-1+pinyin-data
base_dictionary	抒	抒	shu	shu1	0.12	0		0	content_single_char	single_char	659	common-standard-level-1+pinyin-data
base_dictionary	劫	劫	jie	jie2	0.12	0		0	content_single_char	single_char	660	common-standard-level-1+pinyin-data
base_dictionary	芙	芙	fu	fu2	0.12	0		0	content_single_char	single_char	661	common-standard-level-1+pinyin-data
base_dictionary	芜	芜	wu	wu2	0.12	0		0	content_single_char	single_char	662	common-standard-level-1+pinyin-data
base_dictionary	苇	苇	wei	wei3	0.12	0		0	content_single_char	single_char	663	common-standard-level-1+pinyin-data
base_dictionary	芽	芽	ya	ya2	0.12	0		0	content_single_char	single_char	664	common-standard-level-1+pinyin-data
base_dictionary	花	花	hua	hua1	0.12	0		0	content_single_char	single_char	665	common-standard-level-1+pinyin-data
base_dictionary	芹	芹	qin	qin2	0.12	0		0	content_single_char	single_char	666	common-standard-level-1+pinyin-data
base_dictionary	芥	芥	jie	jie4	0.12	0		0	content_single_char	single_char	667	common-standard-level-1+pinyin-data
base_dictionary	芬	芬	fen	fen1	0.12	0		0	content_single_char	single_char	668	common-standard-level-1+pinyin-data
base_dictionary	苍	苍	cang	cang1	0.12	0		0	content_single_char	single_char	669	common-standard-level-1+pinyin-data
base_dictionary	芳	芳	fang	fang1	0.12	0		0	content_single_char	single_char	670	common-standard-level-1+pinyin-data
base_dictionary	严	严	yan	yan2	0.12	0		0	content_single_char	single_char	671	common-standard-level-1+pinyin-data
base_dictionary	芦	芦	lu	lu2	0.12	0		0	content_single_char	single_char	672	common-standard-level-1+pinyin-data
base_dictionary	芯	芯	xin	xin1	0.12	0		0	content_single_char	single_char	673	common-standard-level-1+pinyin-data
base_dictionary	劳	劳	lao	lao2	0.12	0		0	content_single_char	single_char	674	common-standard-level-1+pinyin-data
base_dictionary	克	克	ke	ke4	0.22	0		0	measure_single_char	single_char	675	common-standard-level-1+pinyin-data
base_dictionary	芭	芭	ba	ba1	0.12	0		0	content_single_char	single_char	676	common-standard-level-1+pinyin-data
base_dictionary	苏	苏	su	su1	0.12	0		0	content_single_char	single_char	677	common-standard-level-1+pinyin-data
base_dictionary	杆	杆	gan	gan1	0.12	0		0	content_single_char	single_char	678	common-standard-level-1+pinyin-data
base_dictionary	杠	杠	gang	gang1	0.12	0		0	content_single_char	single_char	679	common-standard-level-1+pinyin-data
base_dictionary	杜	杜	du	du4	0.12	0		0	content_single_char	single_char	680	common-standard-level-1+pinyin-data
base_dictionary	材	材	cai	cai2	0.12	0		0	content_single_char	single_char	681	common-standard-level-1+pinyin-data
base_dictionary	村	村	cun	cun1	0.12	0		0	content_single_char	single_char	682	common-standard-level-1+pinyin-data
base_dictionary	杖	杖	zhang	zhang4	0.12	0		0	content_single_char	single_char	683	common-standard-level-1+pinyin-data
base_dictionary	杏	杏	xing	xing4	0.12	0		0	content_single_char	single_char	684	common-standard-level-1+pinyin-data
base_dictionary	杉	杉	shan	shan1	0.12	0		0	content_single_char	single_char	685	common-standard-level-1+pinyin-data
base_dictionary	巫	巫	wu	wu1	0.12	0		0	content_single_char	single_char	686	common-standard-level-1+pinyin-data
base_dictionary	极	极	ji	ji2	0.12	0		0	content_single_char	single_char	687	common-standard-level-1+pinyin-data
base_dictionary	李	李	li	li3	0.12	0		0	content_single_char	single_char	688	common-standard-level-1+pinyin-data
base_dictionary	杨	杨	yang	yang2	0.12	0		0	content_single_char	single_char	689	common-standard-level-1+pinyin-data
base_dictionary	求	求	qiu	qiu2	0.12	0		0	content_single_char	single_char	690	common-standard-level-1+pinyin-data
base_dictionary	甫	甫	fu	fu3	0.12	0		0	content_single_char	single_char	691	common-standard-level-1+pinyin-data
base_dictionary	匣	匣	xia	xia2	0.12	0		0	content_single_char	single_char	692	common-standard-level-1+pinyin-data
base_dictionary	更	更	geng	geng4	0.12	0		0	content_single_char	single_char	693	common-standard-level-1+pinyin-data
base_dictionary	束	束	shu	shu4	0.12	0		0	content_single_char	single_char	694	common-standard-level-1+pinyin-data
base_dictionary	吾	吾	wu	wu2	0.12	0		0	content_single_char	single_char	695	common-standard-level-1+pinyin-data
base_dictionary	豆	豆	dou	dou4	0.12	0		0	content_single_char	single_char	696	common-standard-level-1+pinyin-data
base_dictionary	两	两	liang	liang3	0.12	0		0	content_single_char	single_char	697	common-standard-level-1+pinyin-data
base_dictionary	酉	酉	you	you3	0.12	0		0	content_single_char	single_char	698	common-standard-level-1+pinyin-data
base_dictionary	丽	丽	li	li4	0.12	0		0	content_single_char	single_char	699	common-standard-level-1+pinyin-data
base_dictionary	医	医	yi	yi1	0.14	0		0	service_content_single_char	single_char	700	common-standard-level-1+pinyin-data
base_dictionary	辰	辰	chen	chen2	0.12	0		0	content_single_char	single_char	701	common-standard-level-1+pinyin-data
base_dictionary	励	励	li	li4	0.12	0		0	content_single_char	single_char	702	common-standard-level-1+pinyin-data
base_dictionary	否	否	fou	fou3	0.12	0		0	content_single_char	single_char	703	common-standard-level-1+pinyin-data
base_dictionary	还	还	hai	hai2	0.30	0		0	function_single_char	single_char	704	common-standard-level-1+pinyin-data
base_dictionary	尬	尬	ga	ga4	0.12	0		0	content_single_char	single_char	705	common-standard-level-1+pinyin-data
base_dictionary	歼	歼	jian	jian1	0.12	0		0	content_single_char	single_char	706	common-standard-level-1+pinyin-data
base_dictionary	来	来	lai	lai2	0.30	0		0	function_single_char	single_char	707	common-standard-level-1+pinyin-data
base_dictionary	连	连	lian	lian2	0.12	0		0	content_single_char	single_char	708	common-standard-level-1+pinyin-data
base_dictionary	轩	轩	xuan	xuan1	0.12	0		0	content_single_char	single_char	709	common-standard-level-1+pinyin-data
base_dictionary	步	步	bu	bu4	0.12	0		0	content_single_char	single_char	710	common-standard-level-1+pinyin-data
base_dictionary	卤	卤	lu	lu3	0.12	0		0	content_single_char	single_char	711	common-standard-level-1+pinyin-data
base_dictionary	坚	坚	jian	jian1	0.12	0		0	content_single_char	single_char	712	common-standard-level-1+pinyin-data
base_dictionary	肖	肖	xiao	xiao4	0.12	0		0	content_single_char	single_char	713	common-standard-level-1+pinyin-data
base_dictionary	旱	旱	han	han4	0.12	0		0	content_single_char	single_char	714	common-standard-level-1+pinyin-data
base_dictionary	盯	盯	ding	ding1	0.12	0		0	content_single_char	single_char	715	common-standard-level-1+pinyin-data
base_dictionary	呈	呈	cheng	cheng2	0.12	0		0	content_single_char	single_char	716	common-standard-level-1+pinyin-data
base_dictionary	时	时	shi	shi2	0.26	0		0	time_single_char	single_char	717	common-standard-level-1+pinyin-data
base_dictionary	吴	吴	wu	wu2	0.12	0		0	content_single_char	single_char	718	common-standard-level-1+pinyin-data
base_dictionary	助	助	zhu	zhu4	0.12	0		0	content_single_char	single_char	719	common-standard-level-1+pinyin-data
base_dictionary	县	县	xian	xian4	0.24	0		0	place_direction_single_char	single_char	720	common-standard-level-1+pinyin-data
base_dictionary	里	里	li	li3	0.24	0		0	place_direction_single_char	single_char	721	common-standard-level-1+pinyin-data
base_dictionary	呆	呆	dai	dai1	0.12	0		0	content_single_char	single_char	722	common-standard-level-1+pinyin-data
base_dictionary	吱	吱	zhi	zhi1	0.12	0		0	content_single_char	single_char	723	common-standard-level-1+pinyin-data
base_dictionary	吠	吠	fei	fei4	0.12	0		0	content_single_char	single_char	724	common-standard-level-1+pinyin-data
base_dictionary	呕	呕	ou	ou3	0.12	0		0	content_single_char	single_char	725	common-standard-level-1+pinyin-data
base_dictionary	园	园	yuan	yuan2	0.12	0		0	content_single_char	single_char	726	common-standard-level-1+pinyin-data
base_dictionary	旷	旷	kuang	kuang4	0.12	0		0	content_single_char	single_char	727	common-standard-level-1+pinyin-data
base_dictionary	围	围	wei	wei2	0.12	0		0	content_single_char	single_char	728	common-standard-level-1+pinyin-data
base_dictionary	呀	呀	ya	ya	0.12	0		0	content_single_char	single_char	729	common-standard-level-1+pinyin-data
base_dictionary	吨	吨	dun	dun1	0.12	0		0	content_single_char	single_char	730	common-standard-level-1+pinyin-data
base_dictionary	足	足	zu	zu2	0.12	0		0	content_single_char	single_char	731	common-standard-level-1+pinyin-data
base_dictionary	邮	邮	you	you2	0.12	0		0	content_single_char	single_char	732	common-standard-level-1+pinyin-data
base_dictionary	男	男	nan	nan2	0.12	0		0	content_single_char	single_char	733	common-standard-level-1+pinyin-data
base_dictionary	困	困	kun	kun4	0.12	0		0	content_single_char	single_char	734	common-standard-level-1+pinyin-data
base_dictionary	吵	吵	chao	chao3	0.12	0		0	content_single_char	single_char	735	common-standard-level-1+pinyin-data
base_dictionary	串	串	chuan	chuan4	0.12	0		0	content_single_char	single_char	736	common-standard-level-1+pinyin-data
base_dictionary	员	员	yuan	yuan2	0.12	0		0	content_single_char	single_char	737	common-standard-level-1+pinyin-data
base_dictionary	呐	呐	na	na4	0.12	0		0	content_single_char	single_char	738	common-standard-level-1+pinyin-data
base_dictionary	听	听	ting	ting1	0.30	0		0	function_single_char	single_char	739	common-standard-level-1+pinyin-data
base_dictionary	吟	吟	yin	yin2	0.12	0		0	content_single_char	single_char	740	common-standard-level-1+pinyin-data
base_dictionary	吩	吩	fen	fen1	0.12	0		0	content_single_char	single_char	741	common-standard-level-1+pinyin-data
base_dictionary	呛	呛	qiang	qiang1	0.12	0		0	content_single_char	single_char	742	common-standard-level-1+pinyin-data
base_dictionary	吻	吻	wen	wen3	0.12	0		0	content_single_char	single_char	743	common-standard-level-1+pinyin-data
base_dictionary	吹	吹	chui	chui1	0.12	0		0	content_single_char	single_char	744	common-standard-level-1+pinyin-data
base_dictionary	呜	呜	wu	wu1	0.12	0		0	content_single_char	single_char	745	common-standard-level-1+pinyin-data
base_dictionary	吭	吭	keng	keng1	0.12	0		0	content_single_char	single_char	746	common-standard-level-1+pinyin-data
base_dictionary	吧	吧	ba	ba	0.30	0		0	function_single_char	single_char	747	common-standard-level-1+pinyin-data
base_dictionary	邑	邑	yi	yi4	0.12	0		0	content_single_char	single_char	748	common-standard-level-1+pinyin-data
base_dictionary	吼	吼	hou	hou3	0.12	0		0	content_single_char	single_char	749	common-standard-level-1+pinyin-data
base_dictionary	囤	囤	dun	dun4	0.12	0		0	content_single_char	single_char	750	common-standard-level-1+pinyin-data
base_dictionary	别	别	bie	bie2	0.12	0		0	content_single_char	single_char	751	common-standard-level-1+pinyin-data
base_dictionary	吮	吮	shun	shun3	0.12	0		0	content_single_char	single_char	752	common-standard-level-1+pinyin-data
base_dictionary	岖	岖	qu	qu1	0.12	0		0	content_single_char	single_char	753	common-standard-level-1+pinyin-data
base_dictionary	岗	岗	gang	gang3	0.12	0		0	content_single_char	single_char	754	common-standard-level-1+pinyin-data
base_dictionary	帐	帐	zhang	zhang4	0.12	0		0	content_single_char	single_char	755	common-standard-level-1+pinyin-data
base_dictionary	财	财	cai	cai2	0.12	0		0	content_single_char	single_char	756	common-standard-level-1+pinyin-data
base_dictionary	针	针	zhen	zhen1	0.12	0		0	content_single_char	single_char	757	common-standard-level-1+pinyin-data
base_dictionary	钉	钉	ding	ding1	0.12	0		0	content_single_char	single_char	758	common-standard-level-1+pinyin-data
base_dictionary	牡	牡	mu	mu3	0.12	0		0	content_single_char	single_char	759	common-standard-level-1+pinyin-data
base_dictionary	告	告	gao	gao4	0.12	0		0	content_single_char	single_char	760	common-standard-level-1+pinyin-data
base_dictionary	我	我	wo	wo3	0.30	0		0	function_single_char	single_char	761	common-standard-level-1+pinyin-data
base_dictionary	乱	乱	luan	luan4	0.12	0		0	content_single_char	single_char	762	common-standard-level-1+pinyin-data
base_dictionary	利	利	li	li4	0.12	0		0	content_single_char	single_char	763	common-standard-level-1+pinyin-data
base_dictionary	秃	秃	tu	tu1	0.12	0		0	content_single_char	single_char	764	common-standard-level-1+pinyin-data
base_dictionary	秀	秀	xiu	xiu4	0.12	0		0	content_single_char	single_char	765	common-standard-level-1+pinyin-data
base_dictionary	私	私	si	si1	0.12	0		0	content_single_char	single_char	766	common-standard-level-1+pinyin-data
base_dictionary	每	每	mei	mei3	0.26	0		0	time_single_char	single_char	767	common-standard-level-1+pinyin-data
base_dictionary	兵	兵	bing	bing1	0.12	0		0	content_single_char	single_char	768	common-standard-level-1+pinyin-data
base_dictionary	估	估	gu	gu1	0.12	0		0	content_single_char	single_char	769	common-standard-level-1+pinyin-data
base_dictionary	体	体	ti	ti3	0.12	0		0	content_single_char	single_char	770	common-standard-level-1+pinyin-data
base_dictionary	何	何	he	he2	0.30	0		0	function_single_char	single_char	771	common-standard-level-1+pinyin-data
base_dictionary	佐	佐	zuo	zuo3	0.12	0		0	content_single_char	single_char	772	common-standard-level-1+pinyin-data
base_dictionary	佑	佑	you	you4	0.12	0		0	content_single_char	single_char	773	common-standard-level-1+pinyin-data
base_dictionary	但	但	dan	dan4	0.30	0		0	function_single_char	single_char	774	common-standard-level-1+pinyin-data
base_dictionary	伸	伸	shen	shen1	0.12	0		0	content_single_char	single_char	775	common-standard-level-1+pinyin-data
base_dictionary	佃	佃	dian	dian4	0.12	0		0	content_single_char	single_char	776	common-standard-level-1+pinyin-data
base_dictionary	作	作	zuo	zuo4	0.12	0		0	content_single_char	single_char	777	common-standard-level-1+pinyin-data
base_dictionary	伯	伯	bo	bo2	0.12	0		0	content_single_char	single_char	778	common-standard-level-1+pinyin-data
base_dictionary	伶	伶	ling	ling2	0.12	0		0	content_single_char	single_char	779	common-standard-level-1+pinyin-data
base_dictionary	佣	佣	yong	yong1	0.12	0		0	content_single_char	single_char	780	common-standard-level-1+pinyin-data
base_dictionary	低	低	di	di1	0.12	0		0	content_single_char	single_char	781	common-standard-level-1+pinyin-data
base_dictionary	你	你	ni	ni3	0.30	0		0	function_single_char	single_char	782	common-standard-level-1+pinyin-data
base_dictionary	住	住	zhu	zhu4	0.12	0		0	content_single_char	single_char	783	common-standard-level-1+pinyin-data
base_dictionary	位	位	wei	wei4	0.12	0		0	content_single_char	single_char	784	common-standard-level-1+pinyin-data
base_dictionary	伴	伴	ban	ban4	0.12	0		0	content_single_char	single_char	785	common-standard-level-1+pinyin-data
base_dictionary	身	身	shen	shen1	0.12	0		0	content_single_char	single_char	786	common-standard-level-1+pinyin-data
base_dictionary	皂	皂	zao	zao4	0.12	0		0	content_single_char	single_char	787	common-standard-level-1+pinyin-data
base_dictionary	伺	伺	ci	ci4	0.12	0		0	content_single_char	single_char	788	common-standard-level-1+pinyin-data
base_dictionary	佛	佛	fu	fu2	0.12	0		0	content_single_char	single_char	789	common-standard-level-1+pinyin-data
base_dictionary	囱	囱	cong	cong1	0.12	0		0	content_single_char	single_char	790	common-standard-level-1+pinyin-data
base_dictionary	近	近	jin	jin4	0.12	0		0	content_single_char	single_char	791	common-standard-level-1+pinyin-data
base_dictionary	彻	彻	che	che4	0.12	0		0	content_single_char	single_char	792	common-standard-level-1+pinyin-data
base_dictionary	役	役	yi	yi4	0.12	0		0	content_single_char	single_char	793	common-standard-level-1+pinyin-data
base_dictionary	返	返	fan	fan3	0.12	0		0	content_single_char	single_char	794	common-standard-level-1+pinyin-data
base_dictionary	余	余	yu	yu2	0.12	0		0	content_single_char	single_char	795	common-standard-level-1+pinyin-data
base_dictionary	希	希	xi	xi1	0.12	0		0	content_single_char	single_char	796	common-standard-level-1+pinyin-data
base_dictionary	坐	坐	zuo	zuo4	0.12	0		0	content_single_char	single_char	797	common-standard-level-1+pinyin-data
base_dictionary	谷	谷	gu	gu3	0.12	0		0	content_single_char	single_char	798	common-standard-level-1+pinyin-data
base_dictionary	妥	妥	tuo	tuo3	0.12	0		0	content_single_char	single_char	799	common-standard-level-1+pinyin-data
base_dictionary	含	含	han	han2	0.12	0		0	content_single_char	single_char	800	common-standard-level-1+pinyin-data
base_dictionary	邻	邻	lin	lin2	0.08	0		0	content_single_char_fallback	single_char	801	common-standard-level-1+pinyin-data
base_dictionary	岔	岔	cha	cha4	0.08	0		0	content_single_char_fallback	single_char	802	common-standard-level-1+pinyin-data
base_dictionary	肝	肝	gan	gan1	0.08	0		0	content_single_char_fallback	single_char	803	common-standard-level-1+pinyin-data
base_dictionary	肛	肛	gang	gang1	0.08	0		0	content_single_char_fallback	single_char	804	common-standard-level-1+pinyin-data
base_dictionary	肚	肚	du	du4	0.08	0		0	content_single_char_fallback	single_char	805	common-standard-level-1+pinyin-data
base_dictionary	肘	肘	zhou	zhou3	0.08	0		0	content_single_char_fallback	single_char	806	common-standard-level-1+pinyin-data
base_dictionary	肠	肠	chang	chang2	0.08	0		0	content_single_char_fallback	single_char	807	common-standard-level-1+pinyin-data
base_dictionary	龟	龟	gui	gui1	0.08	0		0	content_single_char_fallback	single_char	808	common-standard-level-1+pinyin-data
base_dictionary	甸	甸	dian	dian1	0.08	0		0	content_single_char_fallback	single_char	809	common-standard-level-1+pinyin-data
base_dictionary	免	免	mian	mian3	0.08	0		0	content_single_char_fallback	single_char	810	common-standard-level-1+pinyin-data
base_dictionary	狂	狂	kuang	kuang2	0.08	0		0	content_single_char_fallback	single_char	811	common-standard-level-1+pinyin-data
base_dictionary	犹	犹	you	you2	0.08	0		0	content_single_char_fallback	single_char	812	common-standard-level-1+pinyin-data
base_dictionary	狈	狈	bei	bei4	0.08	0		0	content_single_char_fallback	single_char	813	common-standard-level-1+pinyin-data
base_dictionary	角	角	jiao	jiao3	0.22	0		0	measure_single_char	single_char	814	common-standard-level-1+pinyin-data
base_dictionary	删	删	shan	shan1	0.08	0		0	content_single_char_fallback	single_char	815	common-standard-level-1+pinyin-data
base_dictionary	条	条	tiao	tiao2	0.22	0		0	measure_single_char	single_char	816	common-standard-level-1+pinyin-data
base_dictionary	彤	彤	tong	tong2	0.08	0		0	content_single_char_fallback	single_char	817	common-standard-level-1+pinyin-data
base_dictionary	卵	卵	luan	luan3	0.08	0		0	content_single_char_fallback	single_char	818	common-standard-level-1+pinyin-data
base_dictionary	灸	灸	jiu	jiu3	0.08	0		0	content_single_char_fallback	single_char	819	common-standard-level-1+pinyin-data
base_dictionary	岛	岛	dao	dao3	0.14	0		0	service_content_single_char	single_char	820	common-standard-level-1+pinyin-data
base_dictionary	刨	刨	pao	pao2	0.08	0		0	content_single_char_fallback	single_char	821	common-standard-level-1+pinyin-data
base_dictionary	迎	迎	ying	ying2	0.08	0		0	content_single_char_fallback	single_char	822	common-standard-level-1+pinyin-data
base_dictionary	饭	饭	fan	fan4	0.14	0		0	service_content_single_char	single_char	823	common-standard-level-1+pinyin-data
base_dictionary	饮	饮	yin	yin3	0.08	0		0	content_single_char_fallback	single_char	824	common-standard-level-1+pinyin-data
base_dictionary	系	系	xi	xi4	0.08	0		0	content_single_char_fallback	single_char	825	common-standard-level-1+pinyin-data
base_dictionary	言	言	yan	yan2	0.08	0		0	content_single_char_fallback	single_char	826	common-standard-level-1+pinyin-data
base_dictionary	冻	冻	dong	dong4	0.08	0		0	content_single_char_fallback	single_char	827	common-standard-level-1+pinyin-data
base_dictionary	状	状	zhuang	zhuang4	0.08	0		0	content_single_char_fallback	single_char	828	common-standard-level-1+pinyin-data
base_dictionary	亩	亩	mu	mu3	0.08	0		0	content_single_char_fallback	single_char	829	common-standard-level-1+pinyin-data
base_dictionary	况	况	kuang	kuang4	0.08	0		0	content_single_char_fallback	single_char	830	common-standard-level-1+pinyin-data
base_dictionary	床	床	chuang	chuang2	0.14	0		0	service_content_single_char	single_char	831	common-standard-level-1+pinyin-data
base_dictionary	库	库	ku	ku4	0.08	0		0	content_single_char_fallback	single_char	832	common-standard-level-1+pinyin-data
base_dictionary	庇	庇	bi	bi4	0.08	0		0	content_single_char_fallback	single_char	833	common-standard-level-1+pinyin-data
base_dictionary	疗	疗	liao	liao2	0.08	0		0	content_single_char_fallback	single_char	834	common-standard-level-1+pinyin-data
base_dictionary	吝	吝	lin	lin4	0.08	0		0	content_single_char_fallback	single_char	835	common-standard-level-1+pinyin-data
base_dictionary	应	应	ying	ying1	0.08	0		0	content_single_char_fallback	single_char	836	common-standard-level-1+pinyin-data
base_dictionary	这	这	zhe	zhe4	0.30	0		0	function_single_char	single_char	837	common-standard-level-1+pinyin-data
base_dictionary	冷	冷	leng	leng3	0.08	0		0	content_single_char_fallback	single_char	838	common-standard-level-1+pinyin-data
base_dictionary	庐	庐	lu	lu2	0.08	0		0	content_single_char_fallback	single_char	839	common-standard-level-1+pinyin-data
base_dictionary	序	序	xu	xu4	0.08	0		0	content_single_char_fallback	single_char	840	common-standard-level-1+pinyin-data
base_dictionary	辛	辛	xin	xin1	0.08	0		0	content_single_char_fallback	single_char	841	common-standard-level-1+pinyin-data
base_dictionary	弃	弃	qi	qi4	0.08	0		0	content_single_char_fallback	single_char	842	common-standard-level-1+pinyin-data
base_dictionary	冶	冶	ye	ye3	0.08	0		0	content_single_char_fallback	single_char	843	common-standard-level-1+pinyin-data
base_dictionary	忘	忘	wang	wang4	0.08	0		0	content_single_char_fallback	single_char	844	common-standard-level-1+pinyin-data
base_dictionary	闰	闰	run	run4	0.08	0		0	content_single_char_fallback	single_char	845	common-standard-level-1+pinyin-data
base_dictionary	闲	闲	xian	xian2	0.08	0		0	content_single_char_fallback	single_char	846	common-standard-level-1+pinyin-data
base_dictionary	间	间	jian	jian1	0.24	0		0	place_direction_single_char	single_char	847	common-standard-level-1+pinyin-data
base_dictionary	闷	闷	men	men4	0.08	0		0	content_single_char_fallback	single_char	848	common-standard-level-1+pinyin-data
base_dictionary	判	判	pan	pan4	0.08	0		0	content_single_char_fallback	single_char	849	common-standard-level-1+pinyin-data
base_dictionary	兑	兑	dui	dui4	0.08	0		0	content_single_char_fallback	single_char	850	common-standard-level-1+pinyin-data
base_dictionary	灶	灶	zao	zao4	0.08	0		0	content_single_char_fallback	single_char	851	common-standard-level-1+pinyin-data
base_dictionary	灿	灿	can	can4	0.08	0		0	content_single_char_fallback	single_char	852	common-standard-level-1+pinyin-data
base_dictionary	灼	灼	zhuo	zhuo2	0.08	0		0	content_single_char_fallback	single_char	853	common-standard-level-1+pinyin-data
base_dictionary	弟	弟	di	di4	0.08	0		0	content_single_char_fallback	single_char	854	common-standard-level-1+pinyin-data
base_dictionary	汪	汪	wang	wang1	0.08	0		0	content_single_char_fallback	single_char	855	common-standard-level-1+pinyin-data
base_dictionary	沐	沐	mu	mu4	0.08	0		0	content_single_char_fallback	single_char	856	common-standard-level-1+pinyin-data
base_dictionary	沛	沛	pei	pei4	0.08	0		0	content_single_char_fallback	single_char	857	common-standard-level-1+pinyin-data
base_dictionary	汰	汰	tai	tai4	0.08	0		0	content_single_char_fallback	single_char	858	common-standard-level-1+pinyin-data
base_dictionary	沥	沥	li	li4	0.08	0		0	content_single_char_fallback	single_char	859	common-standard-level-1+pinyin-data
base_dictionary	沙	沙	sha	sha1	0.08	0		0	content_single_char_fallback	single_char	860	common-standard-level-1+pinyin-data
base_dictionary	汽	汽	qi	qi4	0.08	0		0	content_single_char_fallback	single_char	861	common-standard-level-1+pinyin-data
base_dictionary	沃	沃	wo	wo4	0.08	0		0	content_single_char_fallback	single_char	862	common-standard-level-1+pinyin-data
base_dictionary	沦	沦	lun	lun2	0.08	0		0	content_single_char_fallback	single_char	863	common-standard-level-1+pinyin-data
base_dictionary	汹	汹	xiong	xiong1	0.08	0		0	content_single_char_fallback	single_char	864	common-standard-level-1+pinyin-data
base_dictionary	泛	泛	fan	fan4	0.08	0		0	content_single_char_fallback	single_char	865	common-standard-level-1+pinyin-data
base_dictionary	沧	沧	cang	cang1	0.08	0		0	content_single_char_fallback	single_char	866	common-standard-level-1+pinyin-data
base_dictionary	没	没	mei	mei2	0.08	0		0	content_single_char_fallback	single_char	867	common-standard-level-1+pinyin-data
base_dictionary	沟	沟	gou	gou1	0.08	0		0	content_single_char_fallback	single_char	868	common-standard-level-1+pinyin-data
base_dictionary	沪	沪	hu	hu4	0.08	0		0	content_single_char_fallback	single_char	869	common-standard-level-1+pinyin-data
base_dictionary	沈	沈	shen	shen3	0.08	0		0	content_single_char_fallback	single_char	870	common-standard-level-1+pinyin-data
base_dictionary	沉	沉	chen	chen2	0.08	0		0	content_single_char_fallback	single_char	871	common-standard-level-1+pinyin-data
base_dictionary	沁	沁	qin	qin4	0.08	0		0	content_single_char_fallback	single_char	872	common-standard-level-1+pinyin-data
base_dictionary	怀	怀	huai	huai2	0.08	0		0	content_single_char_fallback	single_char	873	common-standard-level-1+pinyin-data
base_dictionary	忧	忧	you	you1	0.08	0		0	content_single_char_fallback	single_char	874	common-standard-level-1+pinyin-data
base_dictionary	忱	忱	chen	chen2	0.08	0		0	content_single_char_fallback	single_char	875	common-standard-level-1+pinyin-data
base_dictionary	快	快	kuai	kuai4	0.08	0		0	content_single_char_fallback	single_char	876	common-standard-level-1+pinyin-data
base_dictionary	完	完	wan	wan2	0.08	0		0	content_single_char_fallback	single_char	877	common-standard-level-1+pinyin-data
base_dictionary	宋	宋	song	song4	0.08	0		0	content_single_char_fallback	single_char	878	common-standard-level-1+pinyin-data
base_dictionary	宏	宏	hong	hong2	0.08	0		0	content_single_char_fallback	single_char	879	common-standard-level-1+pinyin-data
base_dictionary	牢	牢	lao	lao2	0.08	0		0	content_single_char_fallback	single_char	880	common-standard-level-1+pinyin-data
base_dictionary	究	究	jiu	jiu1	0.08	0		0	content_single_char_fallback	single_char	881	common-standard-level-1+pinyin-data
base_dictionary	穷	穷	qiong	qiong2	0.08	0		0	content_single_char_fallback	single_char	882	common-standard-level-1+pinyin-data
base_dictionary	灾	灾	zai	zai1	0.08	0		0	content_single_char_fallback	single_char	883	common-standard-level-1+pinyin-data
base_dictionary	良	良	liang	liang2	0.08	0		0	content_single_char_fallback	single_char	884	common-standard-level-1+pinyin-data
base_dictionary	证	证	zheng	zheng4	0.08	0		0	content_single_char_fallback	single_char	885	common-standard-level-1+pinyin-data
base_dictionary	启	启	qi	qi3	0.08	0		0	content_single_char_fallback	single_char	886	common-standard-level-1+pinyin-data
base_dictionary	评	评	ping	ping2	0.08	0		0	content_single_char_fallback	single_char	887	common-standard-level-1+pinyin-data
base_dictionary	补	补	bu	bu3	0.08	0		0	content_single_char_fallback	single_char	888	common-standard-level-1+pinyin-data
base_dictionary	初	初	chu	chu1	0.08	0		0	content_single_char_fallback	single_char	889	common-standard-level-1+pinyin-data
base_dictionary	社	社	she	she4	0.08	0		0	content_single_char_fallback	single_char	890	common-standard-level-1+pinyin-data
base_dictionary	祀	祀	si	si4	0.08	0		0	content_single_char_fallback	single_char	891	common-standard-level-1+pinyin-data
base_dictionary	识	识	shi	shi2	0.08	0		0	content_single_char_fallback	single_char	892	common-standard-level-1+pinyin-data
base_dictionary	诈	诈	zha	zha4	0.08	0		0	content_single_char_fallback	single_char	893	common-standard-level-1+pinyin-data
base_dictionary	诉	诉	su	su4	0.08	0		0	content_single_char_fallback	single_char	894	common-standard-level-1+pinyin-data
base_dictionary	罕	罕	han	han3	0.08	0		0	content_single_char_fallback	single_char	895	common-standard-level-1+pinyin-data
base_dictionary	诊	诊	zhen	zhen3	0.14	0		0	service_content_single_char	single_char	896	common-standard-level-1+pinyin-data
base_dictionary	词	词	ci	ci2	0.08	0		0	content_single_char_fallback	single_char	897	common-standard-level-1+pinyin-data
base_dictionary	译	译	yi	yi4	0.08	0		0	content_single_char_fallback	single_char	898	common-standard-level-1+pinyin-data
base_dictionary	君	君	jun	jun1	0.08	0		0	content_single_char_fallback	single_char	899	common-standard-level-1+pinyin-data
base_dictionary	灵	灵	ling	ling2	0.08	0		0	content_single_char_fallback	single_char	900	common-standard-level-1+pinyin-data
base_dictionary	即	即	ji	ji2	0.08	0		0	content_single_char_fallback	single_char	901	common-standard-level-1+pinyin-data
base_dictionary	层	层	ceng	ceng2	0.08	0		0	content_single_char_fallback	single_char	902	common-standard-level-1+pinyin-data
base_dictionary	屁	屁	pi	pi4	0.08	0		0	content_single_char_fallback	single_char	903	common-standard-level-1+pinyin-data
base_dictionary	尿	尿	niao	niao4	0.08	0		0	content_single_char_fallback	single_char	904	common-standard-level-1+pinyin-data
base_dictionary	尾	尾	wei	wei3	0.08	0		0	content_single_char_fallback	single_char	905	common-standard-level-1+pinyin-data
base_dictionary	迟	迟	chi	chi2	0.08	0		0	content_single_char_fallback	single_char	906	common-standard-level-1+pinyin-data
base_dictionary	局	局	ju	ju2	0.08	0		0	content_single_char_fallback	single_char	907	common-standard-level-1+pinyin-data
base_dictionary	改	改	gai	gai3	0.08	0		0	content_single_char_fallback	single_char	908	common-standard-level-1+pinyin-data
base_dictionary	张	张	zhang	zhang1	0.22	0		0	measure_single_char	single_char	909	common-standard-level-1+pinyin-data
base_dictionary	忌	忌	ji	ji4	0.08	0		0	content_single_char_fallback	single_char	910	common-standard-level-1+pinyin-data
base_dictionary	际	际	ji	ji4	0.08	0		0	content_single_char_fallback	single_char	911	common-standard-level-1+pinyin-data
base_dictionary	陆	陆	lu	lu4	0.08	0		0	content_single_char_fallback	single_char	912	common-standard-level-1+pinyin-data
base_dictionary	阿	阿	a	a1	0.08	0		0	content_single_char_fallback	single_char	913	common-standard-level-1+pinyin-data
base_dictionary	陈	陈	chen	chen2	0.08	0		0	content_single_char_fallback	single_char	914	common-standard-level-1+pinyin-data
base_dictionary	阻	阻	zu	zu3	0.08	0		0	content_single_char_fallback	single_char	915	common-standard-level-1+pinyin-data
base_dictionary	附	附	fu	fu4	0.08	0		0	content_single_char_fallback	single_char	916	common-standard-level-1+pinyin-data
base_dictionary	坠	坠	zhui	zhui4	0.08	0		0	content_single_char_fallback	single_char	917	common-standard-level-1+pinyin-data
base_dictionary	妓	妓	ji	ji4	0.08	0		0	content_single_char_fallback	single_char	918	common-standard-level-1+pinyin-data
base_dictionary	妙	妙	miao	miao4	0.08	0		0	content_single_char_fallback	single_char	919	common-standard-level-1+pinyin-data
base_dictionary	妖	妖	yao	yao1	0.08	0		0	content_single_char_fallback	single_char	920	common-standard-level-1+pinyin-data
base_dictionary	姊	姊	zi	zi3	0.08	0		0	content_single_char_fallback	single_char	921	common-standard-level-1+pinyin-data
base_dictionary	妨	妨	fang	fang2	0.08	0		0	content_single_char_fallback	single_char	922	common-standard-level-1+pinyin-data
base_dictionary	妒	妒	du	du4	0.08	0		0	content_single_char_fallback	single_char	923	common-standard-level-1+pinyin-data
base_dictionary	努	努	nu	nu3	0.08	0		0	content_single_char_fallback	single_char	924	common-standard-level-1+pinyin-data
base_dictionary	忍	忍	ren	ren3	0.08	0		0	content_single_char_fallback	single_char	925	common-standard-level-1+pinyin-data
base_dictionary	劲	劲	jin	jin4	0.08	0		0	content_single_char_fallback	single_char	926	common-standard-level-1+pinyin-data
base_dictionary	矣	矣	yi	yi3	0.08	0		0	content_single_char_fallback	single_char	927	common-standard-level-1+pinyin-data
base_dictionary	鸡	鸡	ji	ji1	0.08	0		0	content_single_char_fallback	single_char	928	common-standard-level-1+pinyin-data
base_dictionary	纬	纬	wei	wei3	0.08	0		0	content_single_char_fallback	single_char	929	common-standard-level-1+pinyin-data
base_dictionary	驱	驱	qu	qu1	0.08	0		0	content_single_char_fallback	single_char	930	common-standard-level-1+pinyin-data
base_dictionary	纯	纯	chun	chun2	0.08	0		0	content_single_char_fallback	single_char	931	common-standard-level-1+pinyin-data
base_dictionary	纱	纱	sha	sha1	0.08	0		0	content_single_char_fallback	single_char	932	common-standard-level-1+pinyin-data
base_dictionary	纲	纲	gang	gang1	0.08	0		0	content_single_char_fallback	single_char	933	common-standard-level-1+pinyin-data
base_dictionary	纳	纳	na	na4	0.08	0		0	content_single_char_fallback	single_char	934	common-standard-level-1+pinyin-data
base_dictionary	驳	驳	bo	bo2	0.08	0		0	content_single_char_fallback	single_char	935	common-standard-level-1+pinyin-data
base_dictionary	纵	纵	zong	zong4	0.08	0		0	content_single_char_fallback	single_char	936	common-standard-level-1+pinyin-data
base_dictionary	纷	纷	fen	fen1	0.08	0		0	content_single_char_fallback	single_char	937	common-standard-level-1+pinyin-data
base_dictionary	纸	纸	zhi	zhi3	0.08	0		0	content_single_char_fallback	single_char	938	common-standard-level-1+pinyin-data
base_dictionary	纹	纹	wen	wen2	0.08	0		0	content_single_char_fallback	single_char	939	common-standard-level-1+pinyin-data
base_dictionary	纺	纺	fang	fang3	0.08	0		0	content_single_char_fallback	single_char	940	common-standard-level-1+pinyin-data
base_dictionary	驴	驴	lv	lv2	0.08	0		0	content_single_char_fallback	single_char	941	common-standard-level-1+pinyin-data
base_dictionary	纽	纽	niu	niu3	0.08	0		0	content_single_char_fallback	single_char	942	common-standard-level-1+pinyin-data
base_dictionary	奉	奉	feng	feng4	0.08	0		0	content_single_char_fallback	single_char	943	common-standard-level-1+pinyin-data
base_dictionary	玩	玩	wan	wan2	0.08	0		0	content_single_char_fallback	single_char	944	common-standard-level-1+pinyin-data
base_dictionary	环	环	huan	huan2	0.08	0		0	content_single_char_fallback	single_char	945	common-standard-level-1+pinyin-data
base_dictionary	武	武	wu	wu3	0.08	0		0	content_single_char_fallback	single_char	946	common-standard-level-1+pinyin-data
base_dictionary	青	青	qing	qing1	0.08	0		0	content_single_char_fallback	single_char	947	common-standard-level-1+pinyin-data
base_dictionary	责	责	ze	ze2	0.08	0		0	content_single_char_fallback	single_char	948	common-standard-level-1+pinyin-data
base_dictionary	现	现	xian	xian4	0.26	0		0	time_single_char	single_char	949	common-standard-level-1+pinyin-data
base_dictionary	玫	玫	mei	mei2	0.08	0		0	content_single_char_fallback	single_char	950	common-standard-level-1+pinyin-data
base_dictionary	表	表	biao	biao3	0.08	0		0	content_single_char_fallback	single_char	951	common-standard-level-1+pinyin-data
base_dictionary	规	规	gui	gui1	0.08	0		0	content_single_char_fallback	single_char	952	common-standard-level-1+pinyin-data
base_dictionary	抹	抹	mo	mo3	0.08	0		0	content_single_char_fallback	single_char	953	common-standard-level-1+pinyin-data
base_dictionary	卦	卦	gua	gua4	0.08	0		0	content_single_char_fallback	single_char	954	common-standard-level-1+pinyin-data
base_dictionary	坷	坷	ke	ke3	0.08	0		0	content_single_char_fallback	single_char	955	common-standard-level-1+pinyin-data
base_dictionary	坯	坯	pi	pi1	0.08	0		0	content_single_char_fallback	single_char	956	common-standard-level-1+pinyin-data
base_dictionary	拓	拓	tuo	tuo4	0.08	0		0	content_single_char_fallback	single_char	957	common-standard-level-1+pinyin-data
base_dictionary	拢	拢	long	long3	0.08	0		0	content_single_char_fallback	single_char	958	common-standard-level-1+pinyin-data
base_dictionary	拔	拔	ba	ba2	0.08	0		0	content_single_char_fallback	single_char	959	common-standard-level-1+pinyin-data
base_dictionary	坪	坪	ping	ping2	0.08	0		0	content_single_char_fallback	single_char	960	common-standard-level-1+pinyin-data
base_dictionary	拣	拣	jian	jian3	0.08	0		0	content_single_char_fallback	single_char	961	common-standard-level-1+pinyin-data
base_dictionary	坦	坦	tan	tan3	0.08	0		0	content_single_char_fallback	single_char	962	common-standard-level-1+pinyin-data
base_dictionary	担	担	dan	dan1	0.08	0		0	content_single_char_fallback	single_char	963	common-standard-level-1+pinyin-data
base_dictionary	坤	坤	kun	kun1	0.08	0		0	content_single_char_fallback	single_char	964	common-standard-level-1+pinyin-data
base_dictionary	押	押	ya	ya1	0.08	0		0	content_single_char_fallback	single_char	965	common-standard-level-1+pinyin-data
base_dictionary	抽	抽	chou	chou1	0.08	0		0	content_single_char_fallback	single_char	966	common-standard-level-1+pinyin-data
base_dictionary	拐	拐	guai	guai3	0.08	0		0	content_single_char_fallback	single_char	967	common-standard-level-1+pinyin-data
base_dictionary	拖	拖	tuo	tuo1	0.08	0		0	content_single_char_fallback	single_char	968	common-standard-level-1+pinyin-data
base_dictionary	者	者	zhe	zhe3	0.08	0		0	content_single_char_fallback	single_char	969	common-standard-level-1+pinyin-data
base_dictionary	拍	拍	pai	pai1	0.08	0		0	content_single_char_fallback	single_char	970	common-standard-level-1+pinyin-data
base_dictionary	顶	顶	ding	ding3	0.08	0		0	content_single_char_fallback	single_char	971	common-standard-level-1+pinyin-data
base_dictionary	拆	拆	chai	chai1	0.08	0		0	content_single_char_fallback	single_char	972	common-standard-level-1+pinyin-data
base_dictionary	拎	拎	lin	lin1	0.08	0		0	content_single_char_fallback	single_char	973	common-standard-level-1+pinyin-data
base_dictionary	拥	拥	yong	yong1	0.08	0		0	content_single_char_fallback	single_char	974	common-standard-level-1+pinyin-data
base_dictionary	抵	抵	di	di3	0.08	0		0	content_single_char_fallback	single_char	975	common-standard-level-1+pinyin-data
base_dictionary	拘	拘	ju	ju1	0.08	0		0	content_single_char_fallback	single_char	976	common-standard-level-1+pinyin-data
base_dictionary	势	势	shi	shi4	0.08	0		0	content_single_char_fallback	single_char	977	common-standard-level-1+pinyin-data
base_dictionary	抱	抱	bao	bao4	0.08	0		0	content_single_char_fallback	single_char	978	common-standard-level-1+pinyin-data
base_dictionary	拄	拄	zhu	zhu3	0.08	0		0	content_single_char_fallback	single_char	979	common-standard-level-1+pinyin-data
base_dictionary	垃	垃	la	la1	0.08	0		0	content_single_char_fallback	single_char	980	common-standard-level-1+pinyin-data
base_dictionary	拉	拉	la	la1	0.08	0		0	content_single_char_fallback	single_char	981	common-standard-level-1+pinyin-data
base_dictionary	拦	拦	lan	lan2	0.08	0		0	content_single_char_fallback	single_char	982	common-standard-level-1+pinyin-data
base_dictionary	幸	幸	xing	xing4	0.08	0		0	content_single_char_fallback	single_char	983	common-standard-level-1+pinyin-data
base_dictionary	拌	拌	ban	ban4	0.08	0		0	content_single_char_fallback	single_char	984	common-standard-level-1+pinyin-data
base_dictionary	拧	拧	ning	ning2	0.08	0		0	content_single_char_fallback	single_char	985	common-standard-level-1+pinyin-data
base_dictionary	拂	拂	fu	fu2	0.08	0		0	content_single_char_fallback	single_char	986	common-standard-level-1+pinyin-data
base_dictionary	拙	拙	zhuo	zhuo1	0.08	0		0	content_single_char_fallback	single_char	987	common-standard-level-1+pinyin-data
base_dictionary	招	招	zhao	zhao1	0.08	0		0	content_single_char_fallback	single_char	988	common-standard-level-1+pinyin-data
base_dictionary	坡	坡	po	po1	0.08	0		0	content_single_char_fallback	single_char	989	common-standard-level-1+pinyin-data
base_dictionary	披	披	pi	pi1	0.08	0		0	content_single_char_fallback	single_char	990	common-standard-level-1+pinyin-data
base_dictionary	拨	拨	bo	bo1	0.08	0		0	content_single_char_fallback	single_char	991	common-standard-level-1+pinyin-data
base_dictionary	择	择	ze	ze2	0.08	0		0	content_single_char_fallback	single_char	992	common-standard-level-1+pinyin-data
base_dictionary	抬	抬	tai	tai2	0.08	0		0	content_single_char_fallback	single_char	993	common-standard-level-1+pinyin-data
base_dictionary	拇	拇	mu	mu3	0.08	0		0	content_single_char_fallback	single_char	994	common-standard-level-1+pinyin-data
base_dictionary	拗	拗	ao	ao3	0.08	0		0	content_single_char_fallback	single_char	995	common-standard-level-1+pinyin-data
base_dictionary	其	其	qi	qi2	0.08	0		0	content_single_char_fallback	single_char	996	common-standard-level-1+pinyin-data
base_dictionary	取	取	qu	qu3	0.08	0		0	content_single_char_fallback	single_char	997	common-standard-level-1+pinyin-data
base_dictionary	茉	茉	mo	mo4	0.08	0		0	content_single_char_fallback	single_char	998	common-standard-level-1+pinyin-data
base_dictionary	苦	苦	ku	ku3	0.08	0		0	content_single_char_fallback	single_char	999	common-standard-level-1+pinyin-data
base_dictionary	昔	昔	xi	xi1	0.08	0		0	content_single_char_fallback	single_char	1000	common-standard-level-1+pinyin-data
base_dictionary	苛	苛	ke	ke1	0.08	0		0	content_single_char_fallback	single_char	1001	common-standard-level-1+pinyin-data
base_dictionary	若	若	ruo	ruo4	0.30	0		0	function_single_char	single_char	1002	common-standard-level-1+pinyin-data
base_dictionary	茂	茂	mao	mao4	0.08	0		0	content_single_char_fallback	single_char	1003	common-standard-level-1+pinyin-data
base_dictionary	苹	苹	ping	ping2	0.08	0		0	content_single_char_fallback	single_char	1004	common-standard-level-1+pinyin-data
base_dictionary	苗	苗	miao	miao2	0.08	0		0	content_single_char_fallback	single_char	1005	common-standard-level-1+pinyin-data
base_dictionary	英	英	ying	ying1	0.08	0		0	content_single_char_fallback	single_char	1006	common-standard-level-1+pinyin-data
base_dictionary	苟	苟	gou	gou3	0.08	0		0	content_single_char_fallback	single_char	1007	common-standard-level-1+pinyin-data
base_dictionary	苑	苑	yuan	yuan4	0.08	0		0	content_single_char_fallback	single_char	1008	common-standard-level-1+pinyin-data
base_dictionary	苞	苞	bao	bao1	0.08	0		0	content_single_char_fallback	single_char	1009	common-standard-level-1+pinyin-data
base_dictionary	范	范	fan	fan4	0.08	0		0	content_single_char_fallback	single_char	1010	common-standard-level-1+pinyin-data
base_dictionary	直	直	zhi	zhi2	0.08	0		0	content_single_char_fallback	single_char	1011	common-standard-level-1+pinyin-data
base_dictionary	茁	茁	zhuo	zhuo2	0.08	0		0	content_single_char_fallback	single_char	1012	common-standard-level-1+pinyin-data
base_dictionary	茄	茄	jia	jia1	0.08	0		0	content_single_char_fallback	single_char	1013	common-standard-level-1+pinyin-data
base_dictionary	茎	茎	jing	jing1	0.08	0		0	content_single_char_fallback	single_char	1014	common-standard-level-1+pinyin-data
base_dictionary	苔	苔	tai	tai2	0.08	0		0	content_single_char_fallback	single_char	1015	common-standard-level-1+pinyin-data
base_dictionary	茅	茅	mao	mao2	0.08	0		0	content_single_char_fallback	single_char	1016	common-standard-level-1+pinyin-data
base_dictionary	枉	枉	wang	wang3	0.08	0		0	content_single_char_fallback	single_char	1017	common-standard-level-1+pinyin-data
base_dictionary	林	林	lin	lin2	0.08	0		0	content_single_char_fallback	single_char	1018	common-standard-level-1+pinyin-data
base_dictionary	枝	枝	zhi	zhi1	0.08	0		0	content_single_char_fallback	single_char	1019	common-standard-level-1+pinyin-data
base_dictionary	杯	杯	bei	bei1	0.22	0		0	measure_single_char	single_char	1020	common-standard-level-1+pinyin-data
base_dictionary	枢	枢	shu	shu1	0.08	0		0	content_single_char_fallback	single_char	1021	common-standard-level-1+pinyin-data
base_dictionary	柜	柜	gui	gui4	0.08	0		0	content_single_char_fallback	single_char	1022	common-standard-level-1+pinyin-data
base_dictionary	枚	枚	mei	mei2	0.08	0		0	content_single_char_fallback	single_char	1023	common-standard-level-1+pinyin-data
base_dictionary	析	析	xi	xi1	0.08	0		0	content_single_char_fallback	single_char	1024	common-standard-level-1+pinyin-data
base_dictionary	板	板	ban	ban3	0.08	0		0	content_single_char_fallback	single_char	1025	common-standard-level-1+pinyin-data
base_dictionary	松	松	song	song1	0.08	0		0	content_single_char_fallback	single_char	1026	common-standard-level-1+pinyin-data
base_dictionary	枪	枪	qiang	qiang1	0.08	0		0	content_single_char_fallback	single_char	1027	common-standard-level-1+pinyin-data
base_dictionary	枫	枫	feng	feng1	0.08	0		0	content_single_char_fallback	single_char	1028	common-standard-level-1+pinyin-data
base_dictionary	构	构	gou	gou4	0.08	0		0	content_single_char_fallback	single_char	1029	common-standard-level-1+pinyin-data
base_dictionary	杭	杭	hang	hang2	0.08	0		0	content_single_char_fallback	single_char	1030	common-standard-level-1+pinyin-data
base_dictionary	杰	杰	jie	jie2	0.08	0		0	content_single_char_fallback	single_char	1031	common-standard-level-1+pinyin-data
base_dictionary	述	述	shu	shu4	0.08	0		0	content_single_char_fallback	single_char	1032	common-standard-level-1+pinyin-data
base_dictionary	枕	枕	zhen	zhen3	0.08	0		0	content_single_char_fallback	single_char	1033	common-standard-level-1+pinyin-data
base_dictionary	丧	丧	sang	sang4	0.08	0		0	content_single_char_fallback	single_char	1034	common-standard-level-1+pinyin-data
base_dictionary	或	或	huo	huo4	0.30	0		0	function_single_char	single_char	1035	common-standard-level-1+pinyin-data
base_dictionary	画	画	hua	hua4	0.08	0		0	content_single_char_fallback	single_char	1036	common-standard-level-1+pinyin-data
base_dictionary	卧	卧	wo	wo4	0.08	0		0	content_single_char_fallback	single_char	1037	common-standard-level-1+pinyin-data
base_dictionary	事	事	shi	shi4	0.08	0		0	content_single_char_fallback	single_char	1038	common-standard-level-1+pinyin-data
base_dictionary	刺	刺	ci	ci4	0.08	0		0	content_single_char_fallback	single_char	1039	common-standard-level-1+pinyin-data
base_dictionary	枣	枣	zao	zao3	0.08	0		0	content_single_char_fallback	single_char	1040	common-standard-level-1+pinyin-data
base_dictionary	雨	雨	yu	yu3	0.08	0		0	content_single_char_fallback	single_char	1041	common-standard-level-1+pinyin-data
base_dictionary	卖	卖	mai	mai4	0.30	0		0	function_single_char	single_char	1042	common-standard-level-1+pinyin-data
base_dictionary	郁	郁	yu	yu4	0.08	0		0	content_single_char_fallback	single_char	1043	common-standard-level-1+pinyin-data
base_dictionary	矾	矾	fan	fan2	0.08	0		0	content_single_char_fallback	single_char	1044	common-standard-level-1+pinyin-data
base_dictionary	矿	矿	kuang	kuang4	0.08	0		0	content_single_char_fallback	single_char	1045	common-standard-level-1+pinyin-data
base_dictionary	码	码	ma	ma3	0.08	0		0	content_single_char_fallback	single_char	1046	common-standard-level-1+pinyin-data
base_dictionary	厕	厕	ce	ce4	0.08	0		0	content_single_char_fallback	single_char	1047	common-standard-level-1+pinyin-data
base_dictionary	奈	奈	nai	nai4	0.08	0		0	content_single_char_fallback	single_char	1048	common-standard-level-1+pinyin-data
base_dictionary	奔	奔	ben	ben1	0.08	0		0	content_single_char_fallback	single_char	1049	common-standard-level-1+pinyin-data
base_dictionary	奇	奇	qi	qi2	0.08	0		0	content_single_char_fallback	single_char	1050	common-standard-level-1+pinyin-data
base_dictionary	奋	奋	fen	fen4	0.08	0		0	content_single_char_fallback	single_char	1051	common-standard-level-1+pinyin-data
base_dictionary	态	态	tai	tai4	0.08	0		0	content_single_char_fallback	single_char	1052	common-standard-level-1+pinyin-data
base_dictionary	欧	欧	ou	ou1	0.08	0		0	content_single_char_fallback	single_char	1053	common-standard-level-1+pinyin-data
base_dictionary	殴	殴	ou	ou1	0.08	0		0	content_single_char_fallback	single_char	1054	common-standard-level-1+pinyin-data
base_dictionary	垄	垄	long	long3	0.08	0		0	content_single_char_fallback	single_char	1055	common-standard-level-1+pinyin-data
base_dictionary	妻	妻	qi	qi1	0.08	0		0	content_single_char_fallback	single_char	1056	common-standard-level-1+pinyin-data
base_dictionary	轰	轰	hong	hong1	0.08	0		0	content_single_char_fallback	single_char	1057	common-standard-level-1+pinyin-data
base_dictionary	顷	顷	qing	qing3	0.08	0		0	content_single_char_fallback	single_char	1058	common-standard-level-1+pinyin-data
base_dictionary	转	转	zhuan	zhuan3	0.08	0		0	content_single_char_fallback	single_char	1059	common-standard-level-1+pinyin-data
base_dictionary	斩	斩	zhan	zhan3	0.08	0		0	content_single_char_fallback	single_char	1060	common-standard-level-1+pinyin-data
base_dictionary	轮	轮	lun	lun2	0.08	0		0	content_single_char_fallback	single_char	1061	common-standard-level-1+pinyin-data
base_dictionary	软	软	ruan	ruan3	0.08	0		0	content_single_char_fallback	single_char	1062	common-standard-level-1+pinyin-data
base_dictionary	到	到	dao	dao4	0.30	0		0	function_single_char	single_char	1063	common-standard-level-1+pinyin-data
base_dictionary	非	非	fei	fei1	0.08	0		0	content_single_char_fallback	single_char	1064	common-standard-level-1+pinyin-data
base_dictionary	叔	叔	shu	shu1	0.08	0		0	content_single_char_fallback	single_char	1065	common-standard-level-1+pinyin-data
base_dictionary	歧	歧	qi	qi2	0.08	0		0	content_single_char_fallback	single_char	1066	common-standard-level-1+pinyin-data
base_dictionary	肯	肯	ken	ken3	0.08	0		0	content_single_char_fallback	single_char	1067	common-standard-level-1+pinyin-data
base_dictionary	齿	齿	chi	chi3	0.08	0		0	content_single_char_fallback	single_char	1068	common-standard-level-1+pinyin-data
base_dictionary	些	些	xie	xie1	0.08	0		0	content_single_char_fallback	single_char	1069	common-standard-level-1+pinyin-data
base_dictionary	卓	卓	zhuo	zhuo2	0.08	0		0	content_single_char_fallback	single_char	1070	common-standard-level-1+pinyin-data
base_dictionary	虎	虎	hu	hu3	0.08	0		0	content_single_char_fallback	single_char	1071	common-standard-level-1+pinyin-data
base_dictionary	虏	虏	lu	lu3	0.08	0		0	content_single_char_fallback	single_char	1072	common-standard-level-1+pinyin-data
base_dictionary	肾	肾	shen	shen4	0.08	0		0	content_single_char_fallback	single_char	1073	common-standard-level-1+pinyin-data
base_dictionary	贤	贤	xian	xian2	0.08	0		0	content_single_char_fallback	single_char	1074	common-standard-level-1+pinyin-data
base_dictionary	尚	尚	shang	shang4	0.08	0		0	content_single_char_fallback	single_char	1075	common-standard-level-1+pinyin-data
base_dictionary	旺	旺	wang	wang4	0.08	0		0	content_single_char_fallback	single_char	1076	common-standard-level-1+pinyin-data
base_dictionary	具	具	ju	ju4	0.08	0		0	content_single_char_fallback	single_char	1077	common-standard-level-1+pinyin-data
base_dictionary	味	味	wei	wei4	0.08	0		0	content_single_char_fallback	single_char	1078	common-standard-level-1+pinyin-data
base_dictionary	果	果	guo	guo3	0.08	0		0	content_single_char_fallback	single_char	1079	common-standard-level-1+pinyin-data
base_dictionary	昆	昆	kun	kun1	0.08	0		0	content_single_char_fallback	single_char	1080	common-standard-level-1+pinyin-data
base_dictionary	国	国	guo	guo2	0.24	0		0	place_direction_single_char	single_char	1081	common-standard-level-1+pinyin-data
base_dictionary	哎	哎	ai	ai1	0.08	0		0	content_single_char_fallback	single_char	1082	common-standard-level-1+pinyin-data
base_dictionary	咕	咕	gu	gu1	0.08	0		0	content_single_char_fallback	single_char	1083	common-standard-level-1+pinyin-data
base_dictionary	昌	昌	chang	chang1	0.08	0		0	content_single_char_fallback	single_char	1084	common-standard-level-1+pinyin-data
base_dictionary	呵	呵	he	he1	0.08	0		0	content_single_char_fallback	single_char	1085	common-standard-level-1+pinyin-data
base_dictionary	畅	畅	chang	chang4	0.08	0		0	content_single_char_fallback	single_char	1086	common-standard-level-1+pinyin-data
base_dictionary	明	明	ming	ming2	0.26	0		0	time_single_char	single_char	1087	common-standard-level-1+pinyin-data
base_dictionary	易	易	yi	yi4	0.08	0		0	content_single_char_fallback	single_char	1088	common-standard-level-1+pinyin-data
base_dictionary	咙	咙	long	long2	0.08	0		0	content_single_char_fallback	single_char	1089	common-standard-level-1+pinyin-data
base_dictionary	昂	昂	ang	ang2	0.08	0		0	content_single_char_fallback	single_char	1090	common-standard-level-1+pinyin-data
base_dictionary	迪	迪	di	di2	0.08	0		0	content_single_char_fallback	single_char	1091	common-standard-level-1+pinyin-data
base_dictionary	典	典	dian	dian3	0.08	0		0	content_single_char_fallback	single_char	1092	common-standard-level-1+pinyin-data
base_dictionary	固	固	gu	gu4	0.08	0		0	content_single_char_fallback	single_char	1093	common-standard-level-1+pinyin-data
base_dictionary	忠	忠	zhong	zhong1	0.08	0		0	content_single_char_fallback	single_char	1094	common-standard-level-1+pinyin-data
base_dictionary	呻	呻	shen	shen1	0.08	0		0	content_single_char_fallback	single_char	1095	common-standard-level-1+pinyin-data
base_dictionary	咒	咒	zhou	zhou4	0.08	0		0	content_single_char_fallback	single_char	1096	common-standard-level-1+pinyin-data
base_dictionary	咋	咋	za	za3	0.08	0		0	content_single_char_fallback	single_char	1097	common-standard-level-1+pinyin-data
base_dictionary	咐	咐	fu	fu4	0.08	0		0	content_single_char_fallback	single_char	1098	common-standard-level-1+pinyin-data
base_dictionary	呼	呼	hu	hu1	0.08	0		0	content_single_char_fallback	single_char	1099	common-standard-level-1+pinyin-data
base_dictionary	鸣	鸣	ming	ming2	0.08	0		0	content_single_char_fallback	single_char	1100	common-standard-level-1+pinyin-data
base_dictionary	咏	咏	yong	yong3	0.08	0		0	content_single_char_fallback	single_char	1101	common-standard-level-1+pinyin-data
base_dictionary	呢	呢	ne	ne	0.30	0		0	function_single_char	single_char	1102	common-standard-level-1+pinyin-data
base_dictionary	咄	咄	duo	duo1	0.08	0		0	content_single_char_fallback	single_char	1103	common-standard-level-1+pinyin-data
base_dictionary	咖	咖	ka	ka1	0.08	0		0	content_single_char_fallback	single_char	1104	common-standard-level-1+pinyin-data
base_dictionary	岸	岸	an	an4	0.08	0		0	content_single_char_fallback	single_char	1105	common-standard-level-1+pinyin-data
base_dictionary	岩	岩	yan	yan2	0.08	0		0	content_single_char_fallback	single_char	1106	common-standard-level-1+pinyin-data
base_dictionary	帖	帖	tie	tie1	0.08	0		0	content_single_char_fallback	single_char	1107	common-standard-level-1+pinyin-data
base_dictionary	罗	罗	luo	luo2	0.08	0		0	content_single_char_fallback	single_char	1108	common-standard-level-1+pinyin-data
base_dictionary	帜	帜	zhi	zhi4	0.08	0		0	content_single_char_fallback	single_char	1109	common-standard-level-1+pinyin-data
base_dictionary	帕	帕	pa	pa4	0.08	0		0	content_single_char_fallback	single_char	1110	common-standard-level-1+pinyin-data
base_dictionary	岭	岭	ling	ling3	0.08	0		0	content_single_char_fallback	single_char	1111	common-standard-level-1+pinyin-data
base_dictionary	凯	凯	kai	kai3	0.08	0		0	content_single_char_fallback	single_char	1112	common-standard-level-1+pinyin-data
base_dictionary	败	败	bai	bai4	0.08	0		0	content_single_char_fallback	single_char	1113	common-standard-level-1+pinyin-data
base_dictionary	账	账	zhang	zhang4	0.14	0		0	service_content_single_char	single_char	1114	common-standard-level-1+pinyin-data
base_dictionary	贩	贩	fan	fan4	0.08	0		0	content_single_char_fallback	single_char	1115	common-standard-level-1+pinyin-data
base_dictionary	贬	贬	bian	bian3	0.08	0		0	content_single_char_fallback	single_char	1116	common-standard-level-1+pinyin-data
base_dictionary	购	购	gou	gou4	0.08	0		0	content_single_char_fallback	single_char	1117	common-standard-level-1+pinyin-data
base_dictionary	贮	贮	zhu	zhu4	0.08	0		0	content_single_char_fallback	single_char	1118	common-standard-level-1+pinyin-data
base_dictionary	图	图	tu	tu2	0.08	0		0	content_single_char_fallback	single_char	1119	common-standard-level-1+pinyin-data
base_dictionary	钓	钓	diao	diao4	0.08	0		0	content_single_char_fallback	single_char	1120	common-standard-level-1+pinyin-data
base_dictionary	制	制	zhi	zhi4	0.08	0		0	content_single_char_fallback	single_char	1121	common-standard-level-1+pinyin-data
base_dictionary	知	知	zhi	zhi1	0.08	0		0	content_single_char_fallback	single_char	1122	common-standard-level-1+pinyin-data
base_dictionary	迭	迭	die	die2	0.08	0		0	content_single_char_fallback	single_char	1123	common-standard-level-1+pinyin-data
base_dictionary	氛	氛	fen	fen1	0.08	0		0	content_single_char_fallback	single_char	1124	common-standard-level-1+pinyin-data
base_dictionary	垂	垂	chui	chui2	0.08	0		0	content_single_char_fallback	single_char	1125	common-standard-level-1+pinyin-data
base_dictionary	牧	牧	mu	mu4	0.08	0		0	content_single_char_fallback	single_char	1126	common-standard-level-1+pinyin-data
base_dictionary	物	物	wu	wu4	0.08	0		0	content_single_char_fallback	single_char	1127	common-standard-level-1+pinyin-data
base_dictionary	乖	乖	guai	guai1	0.08	0		0	content_single_char_fallback	single_char	1128	common-standard-level-1+pinyin-data
base_dictionary	刮	刮	gua	gua1	0.08	0		0	content_single_char_fallback	single_char	1129	common-standard-level-1+pinyin-data
base_dictionary	秆	秆	gan	gan3	0.08	0		0	content_single_char_fallback	single_char	1130	common-standard-level-1+pinyin-data
base_dictionary	和	和	he	he2	0.30	0		0	function_single_char	single_char	1131	common-standard-level-1+pinyin-data
base_dictionary	季	季	ji	ji4	0.08	0		0	content_single_char_fallback	single_char	1132	common-standard-level-1+pinyin-data
base_dictionary	委	委	wei	wei3	0.08	0		0	content_single_char_fallback	single_char	1133	common-standard-level-1+pinyin-data
base_dictionary	秉	秉	bing	bing3	0.08	0		0	content_single_char_fallback	single_char	1134	common-standard-level-1+pinyin-data
base_dictionary	佳	佳	jia	jia1	0.08	0		0	content_single_char_fallback	single_char	1135	common-standard-level-1+pinyin-data
base_dictionary	侍	侍	shi	shi4	0.08	0		0	content_single_char_fallback	single_char	1136	common-standard-level-1+pinyin-data
base_dictionary	岳	岳	yue	yue4	0.08	0		0	content_single_char_fallback	single_char	1137	common-standard-level-1+pinyin-data
base_dictionary	供	供	gong	gong1	0.08	0		0	content_single_char_fallback	single_char	1138	common-standard-level-1+pinyin-data
base_dictionary	使	使	shi	shi3	0.08	0		0	content_single_char_fallback	single_char	1139	common-standard-level-1+pinyin-data
base_dictionary	例	例	li	li4	0.08	0		0	content_single_char_fallback	single_char	1140	common-standard-level-1+pinyin-data
base_dictionary	侠	侠	xia	xia2	0.08	0		0	content_single_char_fallback	single_char	1141	common-standard-level-1+pinyin-data
base_dictionary	侥	侥	jiao	jiao3	0.08	0		0	content_single_char_fallback	single_char	1142	common-standard-level-1+pinyin-data
base_dictionary	版	版	ban	ban3	0.08	0		0	content_single_char_fallback	single_char	1143	common-standard-level-1+pinyin-data
base_dictionary	侄	侄	zhi	zhi2	0.08	0		0	content_single_char_fallback	single_char	1144	common-standard-level-1+pinyin-data
base_dictionary	侦	侦	zhen	zhen1	0.08	0		0	content_single_char_fallback	single_char	1145	common-standard-level-1+pinyin-data
base_dictionary	侣	侣	lv	lv3	0.08	0		0	content_single_char_fallback	single_char	1146	common-standard-level-1+pinyin-data
base_dictionary	侧	侧	ce	ce4	0.08	0		0	content_single_char_fallback	single_char	1147	common-standard-level-1+pinyin-data
base_dictionary	凭	凭	ping	ping2	0.08	0		0	content_single_char_fallback	single_char	1148	common-standard-level-1+pinyin-data
base_dictionary	侨	侨	qiao	qiao2	0.08	0		0	content_single_char_fallback	single_char	1149	common-standard-level-1+pinyin-data
base_dictionary	佩	佩	pei	pei4	0.08	0		0	content_single_char_fallback	single_char	1150	common-standard-level-1+pinyin-data
base_dictionary	货	货	huo	huo4	0.08	0		0	content_single_char_fallback	single_char	1151	common-standard-level-1+pinyin-data
base_dictionary	侈	侈	chi	chi3	0.08	0		0	content_single_char_fallback	single_char	1152	common-standard-level-1+pinyin-data
base_dictionary	依	依	yi	yi1	0.08	0		0	content_single_char_fallback	single_char	1153	common-standard-level-1+pinyin-data
base_dictionary	卑	卑	bei	bei1	0.08	0		0	content_single_char_fallback	single_char	1154	common-standard-level-1+pinyin-data
base_dictionary	的	的	de	de	0.30	0		0	function_single_char	single_char	1155	common-standard-level-1+pinyin-data
base_dictionary	迫	迫	po	po4	0.08	0		0	content_single_char_fallback	single_char	1156	common-standard-level-1+pinyin-data
base_dictionary	质	质	zhi	zhi4	0.08	0		0	content_single_char_fallback	single_char	1157	common-standard-level-1+pinyin-data
base_dictionary	欣	欣	xin	xin1	0.08	0		0	content_single_char_fallback	single_char	1158	common-standard-level-1+pinyin-data
base_dictionary	征	征	zheng	zheng1	0.08	0		0	content_single_char_fallback	single_char	1159	common-standard-level-1+pinyin-data
base_dictionary	往	往	wang	wang3	0.08	0		0	content_single_char_fallback	single_char	1160	common-standard-level-1+pinyin-data
base_dictionary	爬	爬	pa	pa2	0.08	0		0	content_single_char_fallback	single_char	1161	common-standard-level-1+pinyin-data
base_dictionary	彼	彼	bi	bi3	0.08	0		0	content_single_char_fallback	single_char	1162	common-standard-level-1+pinyin-data
base_dictionary	径	径	jing	jing4	0.08	0		0	content_single_char_fallback	single_char	1163	common-standard-level-1+pinyin-data
base_dictionary	所	所	suo	suo3	0.08	0		0	content_single_char_fallback	single_char	1164	common-standard-level-1+pinyin-data
base_dictionary	舍	舍	she	she3	0.08	0		0	content_single_char_fallback	single_char	1165	common-standard-level-1+pinyin-data
base_dictionary	金	金	jin	jin1	0.08	0		0	content_single_char_fallback	single_char	1166	common-standard-level-1+pinyin-data
base_dictionary	刹	刹	sha	sha1	0.08	0		0	content_single_char_fallback	single_char	1167	common-standard-level-1+pinyin-data
base_dictionary	命	命	ming	ming4	0.08	0		0	content_single_char_fallback	single_char	1168	common-standard-level-1+pinyin-data
base_dictionary	肴	肴	yao	yao2	0.08	0		0	content_single_char_fallback	single_char	1169	common-standard-level-1+pinyin-data
base_dictionary	斧	斧	fu	fu3	0.08	0		0	content_single_char_fallback	single_char	1170	common-standard-level-1+pinyin-data
base_dictionary	爸	爸	ba	ba4	0.08	0		0	content_single_char_fallback	single_char	1171	common-standard-level-1+pinyin-data
base_dictionary	采	采	cai	cai3	0.08	0		0	content_single_char_fallback	single_char	1172	common-standard-level-1+pinyin-data
base_dictionary	觅	觅	mi	mi4	0.08	0		0	content_single_char_fallback	single_char	1173	common-standard-level-1+pinyin-data
base_dictionary	受	受	shou	shou4	0.08	0		0	content_single_char_fallback	single_char	1174	common-standard-level-1+pinyin-data
base_dictionary	乳	乳	ru	ru3	0.08	0		0	content_single_char_fallback	single_char	1175	common-standard-level-1+pinyin-data
base_dictionary	贪	贪	tan	tan1	0.08	0		0	content_single_char_fallback	single_char	1176	common-standard-level-1+pinyin-data
base_dictionary	念	念	nian	nian4	0.08	0		0	content_single_char_fallback	single_char	1177	common-standard-level-1+pinyin-data
base_dictionary	贫	贫	pin	pin2	0.08	0		0	content_single_char_fallback	single_char	1178	common-standard-level-1+pinyin-data
base_dictionary	忿	忿	fen	fen4	0.08	0		0	content_single_char_fallback	single_char	1179	common-standard-level-1+pinyin-data
base_dictionary	肤	肤	fu	fu1	0.08	0		0	content_single_char_fallback	single_char	1180	common-standard-level-1+pinyin-data
base_dictionary	肺	肺	fei	fei4	0.08	0		0	content_single_char_fallback	single_char	1181	common-standard-level-1+pinyin-data
base_dictionary	肢	肢	zhi	zhi1	0.08	0		0	content_single_char_fallback	single_char	1182	common-standard-level-1+pinyin-data
base_dictionary	肿	肿	zhong	zhong3	0.08	0		0	content_single_char_fallback	single_char	1183	common-standard-level-1+pinyin-data
base_dictionary	胀	胀	zhang	zhang4	0.08	0		0	content_single_char_fallback	single_char	1184	common-standard-level-1+pinyin-data
base_dictionary	朋	朋	peng	peng2	0.08	0		0	content_single_char_fallback	single_char	1185	common-standard-level-1+pinyin-data
base_dictionary	股	股	gu	gu3	0.08	0		0	content_single_char_fallback	single_char	1186	common-standard-level-1+pinyin-data
base_dictionary	肮	肮	ang	ang1	0.08	0		0	content_single_char_fallback	single_char	1187	common-standard-level-1+pinyin-data
base_dictionary	肪	肪	fang	fang2	0.08	0		0	content_single_char_fallback	single_char	1188	common-standard-level-1+pinyin-data
base_dictionary	肥	肥	fei	fei2	0.08	0		0	content_single_char_fallback	single_char	1189	common-standard-level-1+pinyin-data
base_dictionary	服	服	fu	fu2	0.08	0		0	content_single_char_fallback	single_char	1190	common-standard-level-1+pinyin-data
base_dictionary	胁	胁	xie	xie2	0.08	0		0	content_single_char_fallback	single_char	1191	common-standard-level-1+pinyin-data
base_dictionary	周	周	zhou	zhou1	0.26	0		0	time_single_char	single_char	1192	common-standard-level-1+pinyin-data
base_dictionary	昏	昏	hun	hun1	0.08	0		0	content_single_char_fallback	single_char	1193	common-standard-level-1+pinyin-data
base_dictionary	鱼	鱼	yu	yu2	0.08	0		0	content_single_char_fallback	single_char	1194	common-standard-level-1+pinyin-data
base_dictionary	兔	兔	tu	tu4	0.08	0		0	content_single_char_fallback	single_char	1195	common-standard-level-1+pinyin-data
base_dictionary	狐	狐	hu	hu2	0.08	0		0	content_single_char_fallback	single_char	1196	common-standard-level-1+pinyin-data
base_dictionary	忽	忽	hu	hu1	0.08	0		0	content_single_char_fallback	single_char	1197	common-standard-level-1+pinyin-data
base_dictionary	狗	狗	gou	gou3	0.08	0		0	content_single_char_fallback	single_char	1198	common-standard-level-1+pinyin-data
base_dictionary	狞	狞	ning	ning2	0.08	0		0	content_single_char_fallback	single_char	1199	common-standard-level-1+pinyin-data
base_dictionary	备	备	bei	bei4	0.08	0		0	content_single_char_fallback	single_char	1200	common-standard-level-1+pinyin-data
base_dictionary	饰	饰	shi	shi4	0.08	0		0	content_single_char_fallback	single_char	1201	common-standard-level-1+pinyin-data
base_dictionary	饱	饱	bao	bao3	0.08	0		0	content_single_char_fallback	single_char	1202	common-standard-level-1+pinyin-data
base_dictionary	饲	饲	si	si4	0.08	0		0	content_single_char_fallback	single_char	1203	common-standard-level-1+pinyin-data
base_dictionary	变	变	bian	bian4	0.08	0		0	content_single_char_fallback	single_char	1204	common-standard-level-1+pinyin-data
base_dictionary	京	京	jing	jing1	0.08	0		0	content_single_char_fallback	single_char	1205	common-standard-level-1+pinyin-data
base_dictionary	享	享	xiang	xiang3	0.08	0		0	content_single_char_fallback	single_char	1206	common-standard-level-1+pinyin-data
base_dictionary	庞	庞	pang	pang2	0.08	0		0	content_single_char_fallback	single_char	1207	common-standard-level-1+pinyin-data
base_dictionary	店	店	dian	dian4	0.24	0		0	place_direction_single_char	single_char	1208	common-standard-level-1+pinyin-data
base_dictionary	夜	夜	ye	ye4	0.08	0		0	content_single_char_fallback	single_char	1209	common-standard-level-1+pinyin-data
base_dictionary	庙	庙	miao	miao4	0.08	0		0	content_single_char_fallback	single_char	1210	common-standard-level-1+pinyin-data
base_dictionary	府	府	fu	fu3	0.08	0		0	content_single_char_fallback	single_char	1211	common-standard-level-1+pinyin-data
base_dictionary	底	底	di	di3	0.08	0		0	content_single_char_fallback	single_char	1212	common-standard-level-1+pinyin-data
base_dictionary	疟	疟	nve	nve4	0.08	0		0	content_single_char_fallback	single_char	1213	common-standard-level-1+pinyin-data
base_dictionary	疙	疙	ge	ge1	0.08	0		0	content_single_char_fallback	single_char	1214	common-standard-level-1+pinyin-data
base_dictionary	疚	疚	jiu	jiu4	0.08	0		0	content_single_char_fallback	single_char	1215	common-standard-level-1+pinyin-data
base_dictionary	剂	剂	ji	ji4	0.08	0		0	content_single_char_fallback	single_char	1216	common-standard-level-1+pinyin-data
base_dictionary	卒	卒	zu	zu2	0.08	0		0	content_single_char_fallback	single_char	1217	common-standard-level-1+pinyin-data
base_dictionary	郊	郊	jiao	jiao1	0.08	0		0	content_single_char_fallback	single_char	1218	common-standard-level-1+pinyin-data
base_dictionary	庚	庚	geng	geng1	0.08	0		0	content_single_char_fallback	single_char	1219	common-standard-level-1+pinyin-data
base_dictionary	废	废	fei	fei4	0.08	0		0	content_single_char_fallback	single_char	1220	common-standard-level-1+pinyin-data
base_dictionary	净	净	jing	jing4	0.08	0		0	content_single_char_fallback	single_char	1221	common-standard-level-1+pinyin-data
base_dictionary	盲	盲	mang	mang2	0.08	0		0	content_single_char_fallback	single_char	1222	common-standard-level-1+pinyin-data
base_dictionary	放	放	fang	fang4	0.08	0		0	content_single_char_fallback	single_char	1223	common-standard-level-1+pinyin-data
base_dictionary	刻	刻	ke	ke4	0.08	0		0	content_single_char_fallback	single_char	1224	common-standard-level-1+pinyin-data
base_dictionary	育	育	yu	yu4	0.08	0		0	content_single_char_fallback	single_char	1225	common-standard-level-1+pinyin-data
base_dictionary	氓	氓	mang	mang2	0.08	0		0	content_single_char_fallback	single_char	1226	common-standard-level-1+pinyin-data
base_dictionary	闸	闸	zha	zha2	0.08	0		0	content_single_char_fallback	single_char	1227	common-standard-level-1+pinyin-data
base_dictionary	闹	闹	nao	nao4	0.08	0		0	content_single_char_fallback	single_char	1228	common-standard-level-1+pinyin-data
base_dictionary	郑	郑	zheng	zheng4	0.08	0		0	content_single_char_fallback	single_char	1229	common-standard-level-1+pinyin-data
base_dictionary	券	券	quan	quan4	0.08	0		0	content_single_char_fallback	single_char	1230	common-standard-level-1+pinyin-data
base_dictionary	卷	卷	juan	juan3	0.08	0		0	content_single_char_fallback	single_char	1231	common-standard-level-1+pinyin-data
base_dictionary	单	单	dan	dan1	0.14	0		0	service_content_single_char	single_char	1232	common-standard-level-1+pinyin-data
base_dictionary	炬	炬	ju	ju4	0.08	0		0	content_single_char_fallback	single_char	1233	common-standard-level-1+pinyin-data
base_dictionary	炒	炒	chao	chao3	0.08	0		0	content_single_char_fallback	single_char	1234	common-standard-level-1+pinyin-data
base_dictionary	炊	炊	chui	chui1	0.08	0		0	content_single_char_fallback	single_char	1235	common-standard-level-1+pinyin-data
base_dictionary	炕	炕	kang	kang4	0.08	0		0	content_single_char_fallback	single_char	1236	common-standard-level-1+pinyin-data
base_dictionary	炎	炎	yan	yan2	0.08	0		0	content_single_char_fallback	single_char	1237	common-standard-level-1+pinyin-data
base_dictionary	炉	炉	lu	lu2	0.08	0		0	content_single_char_fallback	single_char	1238	common-standard-level-1+pinyin-data
base_dictionary	沫	沫	mo	mo4	0.08	0		0	content_single_char_fallback	single_char	1239	common-standard-level-1+pinyin-data
base_dictionary	浅	浅	qian	qian3	0.08	0		0	content_single_char_fallback	single_char	1240	common-standard-level-1+pinyin-data
base_dictionary	法	法	fa	fa3	0.08	0		0	content_single_char_fallback	single_char	1241	common-standard-level-1+pinyin-data
base_dictionary	泄	泄	xie	xie4	0.08	0		0	content_single_char_fallback	single_char	1242	common-standard-level-1+pinyin-data
base_dictionary	沽	沽	gu	gu1	0.08	0		0	content_single_char_fallback	single_char	1243	common-standard-level-1+pinyin-data
base_dictionary	河	河	he	he2	0.08	0		0	content_single_char_fallback	single_char	1244	common-standard-level-1+pinyin-data
base_dictionary	沾	沾	zhan	zhan1	0.08	0		0	content_single_char_fallback	single_char	1245	common-standard-level-1+pinyin-data
base_dictionary	泪	泪	lei	lei4	0.08	0		0	content_single_char_fallback	single_char	1246	common-standard-level-1+pinyin-data
base_dictionary	沮	沮	ju	ju3	0.08	0		0	content_single_char_fallback	single_char	1247	common-standard-level-1+pinyin-data
base_dictionary	油	油	you	you2	0.08	0		0	content_single_char_fallback	single_char	1248	common-standard-level-1+pinyin-data
base_dictionary	泊	泊	po	po1	0.08	0		0	content_single_char_fallback	single_char	1249	common-standard-level-1+pinyin-data
base_dictionary	沿	沿	yan	yan2	0.08	0		0	content_single_char_fallback	single_char	1250	common-standard-level-1+pinyin-data
base_dictionary	泡	泡	pao	pao4	0.08	0		0	content_single_char_fallback	single_char	1251	common-standard-level-1+pinyin-data
base_dictionary	注	注	zhu	zhu4	0.08	0		0	content_single_char_fallback	single_char	1252	common-standard-level-1+pinyin-data
base_dictionary	泣	泣	qi	qi4	0.08	0		0	content_single_char_fallback	single_char	1253	common-standard-level-1+pinyin-data
base_dictionary	泞	泞	ning	ning4	0.08	0		0	content_single_char_fallback	single_char	1254	common-standard-level-1+pinyin-data
base_dictionary	泻	泻	xie	xie4	0.08	0		0	content_single_char_fallback	single_char	1255	common-standard-level-1+pinyin-data
base_dictionary	泌	泌	mi	mi4	0.08	0		0	content_single_char_fallback	single_char	1256	common-standard-level-1+pinyin-data
base_dictionary	泳	泳	yong	yong3	0.08	0		0	content_single_char_fallback	single_char	1257	common-standard-level-1+pinyin-data
base_dictionary	泥	泥	ni	ni2	0.08	0		0	content_single_char_fallback	single_char	1258	common-standard-level-1+pinyin-data
base_dictionary	沸	沸	fei	fei4	0.08	0		0	content_single_char_fallback	single_char	1259	common-standard-level-1+pinyin-data
base_dictionary	沼	沼	zhao	zhao3	0.08	0		0	content_single_char_fallback	single_char	1260	common-standard-level-1+pinyin-data
base_dictionary	波	波	bo	bo1	0.08	0		0	content_single_char_fallback	single_char	1261	common-standard-level-1+pinyin-data
base_dictionary	泼	泼	po	po1	0.08	0		0	content_single_char_fallback	single_char	1262	common-standard-level-1+pinyin-data
base_dictionary	泽	泽	ze	ze2	0.08	0		0	content_single_char_fallback	single_char	1263	common-standard-level-1+pinyin-data
base_dictionary	治	治	zhi	zhi4	0.08	0		0	content_single_char_fallback	single_char	1264	common-standard-level-1+pinyin-data
base_dictionary	怔	怔	zheng	zheng1	0.08	0		0	content_single_char_fallback	single_char	1265	common-standard-level-1+pinyin-data
base_dictionary	怯	怯	qie	qie4	0.08	0		0	content_single_char_fallback	single_char	1266	common-standard-level-1+pinyin-data
base_dictionary	怖	怖	bu	bu4	0.08	0		0	content_single_char_fallback	single_char	1267	common-standard-level-1+pinyin-data
base_dictionary	性	性	xing	xing4	0.08	0		0	content_single_char_fallback	single_char	1268	common-standard-level-1+pinyin-data
base_dictionary	怕	怕	pa	pa4	0.08	0		0	content_single_char_fallback	single_char	1269	common-standard-level-1+pinyin-data
base_dictionary	怜	怜	lian	lian2	0.08	0		0	content_single_char_fallback	single_char	1270	common-standard-level-1+pinyin-data
base_dictionary	怪	怪	guai	guai4	0.08	0		0	content_single_char_fallback	single_char	1271	common-standard-level-1+pinyin-data
base_dictionary	怡	怡	yi	yi2	0.08	0		0	content_single_char_fallback	single_char	1272	common-standard-level-1+pinyin-data
base_dictionary	学	学	xue	xue2	0.08	0		0	content_single_char_fallback	single_char	1273	common-standard-level-1+pinyin-data
base_dictionary	宝	宝	bao	bao3	0.08	0		0	content_single_char_fallback	single_char	1274	common-standard-level-1+pinyin-data
base_dictionary	宗	宗	zong	zong1	0.08	0		0	content_single_char_fallback	single_char	1275	common-standard-level-1+pinyin-data
base_dictionary	定	定	ding	ding4	0.08	0		0	content_single_char_fallback	single_char	1276	common-standard-level-1+pinyin-data
base_dictionary	宠	宠	chong	chong3	0.08	0		0	content_single_char_fallback	single_char	1277	common-standard-level-1+pinyin-data
base_dictionary	宜	宜	yi	yi2	0.08	0		0	content_single_char_fallback	single_char	1278	common-standard-level-1+pinyin-data
base_dictionary	审	审	shen	shen3	0.08	0		0	content_single_char_fallback	single_char	1279	common-standard-level-1+pinyin-data
base_dictionary	宙	宙	zhou	zhou4	0.08	0		0	content_single_char_fallback	single_char	1280	common-standard-level-1+pinyin-data
base_dictionary	官	官	guan	guan1	0.08	0		0	content_single_char_fallback	single_char	1281	common-standard-level-1+pinyin-data
base_dictionary	空	空	kong	kong1	0.08	0		0	content_single_char_fallback	single_char	1282	common-standard-level-1+pinyin-data
base_dictionary	帘	帘	lian	lian2	0.08	0		0	content_single_char_fallback	single_char	1283	common-standard-level-1+pinyin-data
base_dictionary	宛	宛	wan	wan3	0.08	0		0	content_single_char_fallback	single_char	1284	common-standard-level-1+pinyin-data
base_dictionary	实	实	shi	shi2	0.08	0		0	content_single_char_fallback	single_char	1285	common-standard-level-1+pinyin-data
base_dictionary	试	试	shi	shi4	0.08	0		0	content_single_char_fallback	single_char	1286	common-standard-level-1+pinyin-data
base_dictionary	郎	郎	lang	lang2	0.08	0		0	content_single_char_fallback	single_char	1287	common-standard-level-1+pinyin-data
base_dictionary	诗	诗	shi	shi1	0.08	0		0	content_single_char_fallback	single_char	1288	common-standard-level-1+pinyin-data
base_dictionary	肩	肩	jian	jian1	0.08	0		0	content_single_char_fallback	single_char	1289	common-standard-level-1+pinyin-data
base_dictionary	房	房	fang	fang2	0.24	0		0	place_direction_single_char	single_char	1290	common-standard-level-1+pinyin-data
base_dictionary	诚	诚	cheng	cheng2	0.08	0		0	content_single_char_fallback	single_char	1291	common-standard-level-1+pinyin-data
base_dictionary	衬	衬	chen	chen4	0.08	0		0	content_single_char_fallback	single_char	1292	common-standard-level-1+pinyin-data
base_dictionary	衫	衫	shan	shan1	0.08	0		0	content_single_char_fallback	single_char	1293	common-standard-level-1+pinyin-data
base_dictionary	视	视	shi	shi4	0.08	0		0	content_single_char_fallback	single_char	1294	common-standard-level-1+pinyin-data
base_dictionary	祈	祈	qi	qi2	0.08	0		0	content_single_char_fallback	single_char	1295	common-standard-level-1+pinyin-data
base_dictionary	话	话	hua	hua4	0.08	0		0	content_single_char_fallback	single_char	1296	common-standard-level-1+pinyin-data
base_dictionary	诞	诞	dan	dan4	0.08	0		0	content_single_char_fallback	single_char	1297	common-standard-level-1+pinyin-data
base_dictionary	诡	诡	gui	gui3	0.08	0		0	content_single_char_fallback	single_char	1298	common-standard-level-1+pinyin-data
base_dictionary	询	询	xun	xun2	0.08	0		0	content_single_char_fallback	single_char	1299	common-standard-level-1+pinyin-data
base_dictionary	该	该	gai	gai1	0.08	0		0	content_single_char_fallback	single_char	1300	common-standard-level-1+pinyin-data
base_dictionary	详	详	xiang	xiang2	0.08	0		0	content_single_char_fallback	single_char	1301	common-standard-level-1+pinyin-data
base_dictionary	建	建	jian	jian4	0.08	0		0	content_single_char_fallback	single_char	1302	common-standard-level-1+pinyin-data
base_dictionary	肃	肃	su	su4	0.08	0		0	content_single_char_fallback	single_char	1303	common-standard-level-1+pinyin-data
base_dictionary	录	录	lu	lu4	0.08	0		0	content_single_char_fallback	single_char	1304	common-standard-level-1+pinyin-data
base_dictionary	隶	隶	li	li4	0.08	0		0	content_single_char_fallback	single_char	1305	common-standard-level-1+pinyin-data
base_dictionary	帚	帚	zhou	zhou3	0.08	0		0	content_single_char_fallback	single_char	1306	common-standard-level-1+pinyin-data
base_dictionary	屉	屉	ti	ti4	0.08	0		0	content_single_char_fallback	single_char	1307	common-standard-level-1+pinyin-data
base_dictionary	居	居	ju	ju1	0.08	0		0	content_single_char_fallback	single_char	1308	common-standard-level-1+pinyin-data
base_dictionary	届	届	jie	jie4	0.08	0		0	content_single_char_fallback	single_char	1309	common-standard-level-1+pinyin-data
base_dictionary	刷	刷	shua	shua1	0.08	0		0	content_single_char_fallback	single_char	1310	common-standard-level-1+pinyin-data
base_dictionary	屈	屈	qu	qu1	0.08	0		0	content_single_char_fallback	single_char	1311	common-standard-level-1+pinyin-data
base_dictionary	弧	弧	hu	hu2	0.08	0		0	content_single_char_fallback	single_char	1312	common-standard-level-1+pinyin-data
base_dictionary	弥	弥	mi	mi2	0.08	0		0	content_single_char_fallback	single_char	1313	common-standard-level-1+pinyin-data
base_dictionary	弦	弦	xian	xian2	0.08	0		0	content_single_char_fallback	single_char	1314	common-standard-level-1+pinyin-data
base_dictionary	承	承	cheng	cheng2	0.08	0		0	content_single_char_fallback	single_char	1315	common-standard-level-1+pinyin-data
base_dictionary	孟	孟	meng	meng4	0.08	0		0	content_single_char_fallback	single_char	1316	common-standard-level-1+pinyin-data
base_dictionary	陋	陋	lou	lou4	0.08	0		0	content_single_char_fallback	single_char	1317	common-standard-level-1+pinyin-data
base_dictionary	陌	陌	mo	mo4	0.08	0		0	content_single_char_fallback	single_char	1318	common-standard-level-1+pinyin-data
base_dictionary	孤	孤	gu	gu1	0.08	0		0	content_single_char_fallback	single_char	1319	common-standard-level-1+pinyin-data
base_dictionary	陕	陕	shan	shan3	0.08	0		0	content_single_char_fallback	single_char	1320	common-standard-level-1+pinyin-data
base_dictionary	降	降	jiang	jiang4	0.08	0		0	content_single_char_fallback	single_char	1321	common-standard-level-1+pinyin-data
base_dictionary	函	函	han	han2	0.08	0		0	content_single_char_fallback	single_char	1322	common-standard-level-1+pinyin-data
base_dictionary	限	限	xian	xian4	0.08	0		0	content_single_char_fallback	single_char	1323	common-standard-level-1+pinyin-data
base_dictionary	妹	妹	mei	mei4	0.08	0		0	content_single_char_fallback	single_char	1324	common-standard-level-1+pinyin-data
base_dictionary	姑	姑	gu	gu1	0.08	0		0	content_single_char_fallback	single_char	1325	common-standard-level-1+pinyin-data
base_dictionary	姐	姐	jie	jie3	0.08	0		0	content_single_char_fallback	single_char	1326	common-standard-level-1+pinyin-data
base_dictionary	姓	姓	xing	xing4	0.08	0		0	content_single_char_fallback	single_char	1327	common-standard-level-1+pinyin-data
base_dictionary	妮	妮	ni	ni1	0.08	0		0	content_single_char_fallback	single_char	1328	common-standard-level-1+pinyin-data
base_dictionary	始	始	shi	shi3	0.08	0		0	content_single_char_fallback	single_char	1329	common-standard-level-1+pinyin-data
base_dictionary	姆	姆	mu	mu3	0.08	0		0	content_single_char_fallback	single_char	1330	common-standard-level-1+pinyin-data
base_dictionary	迢	迢	tiao	tiao2	0.08	0		0	content_single_char_fallback	single_char	1331	common-standard-level-1+pinyin-data
base_dictionary	驾	驾	jia	jia4	0.08	0		0	content_single_char_fallback	single_char	1332	common-standard-level-1+pinyin-data
base_dictionary	叁	叁	san	san1	0.08	0		0	content_single_char_fallback	single_char	1333	common-standard-level-1+pinyin-data
base_dictionary	参	参	can	can1	0.08	0		0	content_single_char_fallback	single_char	1334	common-standard-level-1+pinyin-data
base_dictionary	艰	艰	jian	jian1	0.08	0		0	content_single_char_fallback	single_char	1335	common-standard-level-1+pinyin-data
base_dictionary	线	线	xian	xian4	0.08	0		0	content_single_char_fallback	single_char	1336	common-standard-level-1+pinyin-data
base_dictionary	练	练	lian	lian4	0.08	0		0	content_single_char_fallback	single_char	1337	common-standard-level-1+pinyin-data
base_dictionary	组	组	zu	zu3	0.08	0		0	content_single_char_fallback	single_char	1338	common-standard-level-1+pinyin-data
base_dictionary	绅	绅	shen	shen1	0.08	0		0	content_single_char_fallback	single_char	1339	common-standard-level-1+pinyin-data
base_dictionary	细	细	xi	xi4	0.08	0		0	content_single_char_fallback	single_char	1340	common-standard-level-1+pinyin-data
base_dictionary	驶	驶	shi	shi3	0.08	0		0	content_single_char_fallback	single_char	1341	common-standard-level-1+pinyin-data
base_dictionary	织	织	zhi	zhi1	0.08	0		0	content_single_char_fallback	single_char	1342	common-standard-level-1+pinyin-data
base_dictionary	驹	驹	ju	ju1	0.08	0		0	content_single_char_fallback	single_char	1343	common-standard-level-1+pinyin-data
base_dictionary	终	终	zhong	zhong1	0.08	0		0	content_single_char_fallback	single_char	1344	common-standard-level-1+pinyin-data
base_dictionary	驻	驻	zhu	zhu4	0.08	0		0	content_single_char_fallback	single_char	1345	common-standard-level-1+pinyin-data
base_dictionary	绊	绊	ban	ban4	0.08	0		0	content_single_char_fallback	single_char	1346	common-standard-level-1+pinyin-data
base_dictionary	驼	驼	tuo	tuo2	0.08	0		0	content_single_char_fallback	single_char	1347	common-standard-level-1+pinyin-data
base_dictionary	绍	绍	shao	shao4	0.08	0		0	content_single_char_fallback	single_char	1348	common-standard-level-1+pinyin-data
base_dictionary	绎	绎	yi	yi4	0.08	0		0	content_single_char_fallback	single_char	1349	common-standard-level-1+pinyin-data
base_dictionary	经	经	jing	jing1	0.08	0		0	content_single_char_fallback	single_char	1350	common-standard-level-1+pinyin-data
base_dictionary	贯	贯	guan	guan4	0.08	0		0	content_single_char_fallback	single_char	1351	common-standard-level-1+pinyin-data
base_dictionary	契	契	qi	qi4	0.08	0		0	content_single_char_fallback	single_char	1352	common-standard-level-1+pinyin-data
base_dictionary	贰	贰	er	er4	0.08	0		0	content_single_char_fallback	single_char	1353	common-standard-level-1+pinyin-data
base_dictionary	奏	奏	zou	zou4	0.08	0		0	content_single_char_fallback	single_char	1354	common-standard-level-1+pinyin-data
base_dictionary	春	春	chun	chun1	0.08	0		0	content_single_char_fallback	single_char	1355	common-standard-level-1+pinyin-data
base_dictionary	帮	帮	bang	bang1	0.30	0		0	function_single_char	single_char	1356	common-standard-level-1+pinyin-data
base_dictionary	玷	玷	dian	dian4	0.08	0		0	content_single_char_fallback	single_char	1357	common-standard-level-1+pinyin-data
base_dictionary	珍	珍	zhen	zhen1	0.08	0		0	content_single_char_fallback	single_char	1358	common-standard-level-1+pinyin-data
base_dictionary	玲	玲	ling	ling2	0.08	0		0	content_single_char_fallback	single_char	1359	common-standard-level-1+pinyin-data
base_dictionary	珊	珊	shan	shan1	0.08	0		0	content_single_char_fallback	single_char	1360	common-standard-level-1+pinyin-data
base_dictionary	玻	玻	bo	bo1	0.08	0		0	content_single_char_fallback	single_char	1361	common-standard-level-1+pinyin-data
base_dictionary	毒	毒	du	du2	0.08	0		0	content_single_char_fallback	single_char	1362	common-standard-level-1+pinyin-data
base_dictionary	型	型	xing	xing2	0.08	0		0	content_single_char_fallback	single_char	1363	common-standard-level-1+pinyin-data
base_dictionary	拭	拭	shi	shi4	0.08	0		0	content_single_char_fallback	single_char	1364	common-standard-level-1+pinyin-data
base_dictionary	挂	挂	gua	gua4	0.08	0		0	content_single_char_fallback	single_char	1365	common-standard-level-1+pinyin-data
base_dictionary	封	封	feng	feng1	0.08	0		0	content_single_char_fallback	single_char	1366	common-standard-level-1+pinyin-data
base_dictionary	持	持	chi	chi2	0.08	0		0	content_single_char_fallback	single_char	1367	common-standard-level-1+pinyin-data
base_dictionary	拷	拷	kao	kao3	0.08	0		0	content_single_char_fallback	single_char	1368	common-standard-level-1+pinyin-data
base_dictionary	拱	拱	gong	gong3	0.08	0		0	content_single_char_fallback	single_char	1369	common-standard-level-1+pinyin-data
base_dictionary	项	项	xiang	xiang4	0.08	0		0	content_single_char_fallback	single_char	1370	common-standard-level-1+pinyin-data
base_dictionary	垮	垮	kua	kua3	0.08	0		0	content_single_char_fallback	single_char	1371	common-standard-level-1+pinyin-data
base_dictionary	挎	挎	kua	kua4	0.08	0		0	content_single_char_fallback	single_char	1372	common-standard-level-1+pinyin-data
base_dictionary	城	城	cheng	cheng2	0.08	0		0	content_single_char_fallback	single_char	1373	common-standard-level-1+pinyin-data
base_dictionary	挟	挟	xie	xie2	0.08	0		0	content_single_char_fallback	single_char	1374	common-standard-level-1+pinyin-data
base_dictionary	挠	挠	nao	nao2	0.08	0		0	content_single_char_fallback	single_char	1375	common-standard-level-1+pinyin-data
base_dictionary	政	政	zheng	zheng4	0.08	0		0	content_single_char_fallback	single_char	1376	common-standard-level-1+pinyin-data
base_dictionary	赴	赴	fu	fu4	0.08	0		0	content_single_char_fallback	single_char	1377	common-standard-level-1+pinyin-data
base_dictionary	赵	赵	zhao	zhao4	0.08	0		0	content_single_char_fallback	single_char	1378	common-standard-level-1+pinyin-data
base_dictionary	挡	挡	dang	dang3	0.08	0		0	content_single_char_fallback	single_char	1379	common-standard-level-1+pinyin-data
base_dictionary	拽	拽	zhuai	zhuai1	0.08	0		0	content_single_char_fallback	single_char	1380	common-standard-level-1+pinyin-data
base_dictionary	哉	哉	zai	zai1	0.08	0		0	content_single_char_fallback	single_char	1381	common-standard-level-1+pinyin-data
base_dictionary	挺	挺	ting	ting3	0.08	0		0	content_single_char_fallback	single_char	1382	common-standard-level-1+pinyin-data
base_dictionary	括	括	kuo	kuo4	0.08	0		0	content_single_char_fallback	single_char	1383	common-standard-level-1+pinyin-data
base_dictionary	垢	垢	gou	gou4	0.08	0		0	content_single_char_fallback	single_char	1384	common-standard-level-1+pinyin-data
base_dictionary	拴	拴	shuan	shuan1	0.08	0		0	content_single_char_fallback	single_char	1385	common-standard-level-1+pinyin-data
base_dictionary	拾	拾	shi	shi2	0.08	0		0	content_single_char_fallback	single_char	1386	common-standard-level-1+pinyin-data
base_dictionary	挑	挑	tiao	tiao1	0.08	0		0	content_single_char_fallback	single_char	1387	common-standard-level-1+pinyin-data
base_dictionary	垛	垛	duo	duo3	0.08	0		0	content_single_char_fallback	single_char	1388	common-standard-level-1+pinyin-data
base_dictionary	指	指	zhi	zhi3	0.08	0		0	content_single_char_fallback	single_char	1389	common-standard-level-1+pinyin-data
base_dictionary	垫	垫	dian	dian4	0.08	0		0	content_single_char_fallback	single_char	1390	common-standard-level-1+pinyin-data
base_dictionary	挣	挣	zheng	zheng1	0.08	0		0	content_single_char_fallback	single_char	1391	common-standard-level-1+pinyin-data
base_dictionary	挤	挤	ji	ji3	0.08	0		0	content_single_char_fallback	single_char	1392	common-standard-level-1+pinyin-data
base_dictionary	拼	拼	pin	pin1	0.08	0		0	content_single_char_fallback	single_char	1393	common-standard-level-1+pinyin-data
base_dictionary	挖	挖	wa	wa1	0.08	0		0	content_single_char_fallback	single_char	1394	common-standard-level-1+pinyin-data
base_dictionary	按	按	an	an4	0.30	0		0	function_single_char	single_char	1395	common-standard-level-1+pinyin-data
base_dictionary	挥	挥	hui	hui1	0.08	0		0	content_single_char_fallback	single_char	1396	common-standard-level-1+pinyin-data
base_dictionary	挪	挪	nuo	nuo2	0.08	0		0	content_single_char_fallback	single_char	1397	common-standard-level-1+pinyin-data
base_dictionary	拯	拯	zheng	zheng3	0.08	0		0	content_single_char_fallback	single_char	1398	common-standard-level-1+pinyin-data
base_dictionary	某	某	mou	mou3	0.08	0		0	content_single_char_fallback	single_char	1399	common-standard-level-1+pinyin-data
base_dictionary	甚	甚	shen	shen4	0.08	0		0	content_single_char_fallback	single_char	1400	common-standard-level-1+pinyin-data
base_dictionary	荆	荆	jing	jing1	0.08	0		0	content_single_char_fallback	single_char	1401	common-standard-level-1+pinyin-data
base_dictionary	茸	茸	rong	rong1	0.08	0		0	content_single_char_fallback	single_char	1402	common-standard-level-1+pinyin-data
base_dictionary	革	革	ge	ge2	0.08	0		0	content_single_char_fallback	single_char	1403	common-standard-level-1+pinyin-data
base_dictionary	茬	茬	cha	cha2	0.08	0		0	content_single_char_fallback	single_char	1404	common-standard-level-1+pinyin-data
base_dictionary	荐	荐	jian	jian4	0.08	0		0	content_single_char_fallback	single_char	1405	common-standard-level-1+pinyin-data
base_dictionary	巷	巷	xiang	xiang4	0.08	0		0	content_single_char_fallback	single_char	1406	common-standard-level-1+pinyin-data
base_dictionary	带	带	dai	dai4	0.30	0		0	function_single_char	single_char	1407	common-standard-level-1+pinyin-data
base_dictionary	草	草	cao	cao3	0.08	0		0	content_single_char_fallback	single_char	1408	common-standard-level-1+pinyin-data
base_dictionary	茧	茧	jian	jian3	0.08	0		0	content_single_char_fallback	single_char	1409	common-standard-level-1+pinyin-data
base_dictionary	茵	茵	yin	yin1	0.08	0		0	content_single_char_fallback	single_char	1410	common-standard-level-1+pinyin-data
base_dictionary	茶	茶	cha	cha2	0.14	0		0	service_content_single_char	single_char	1411	common-standard-level-1+pinyin-data
base_dictionary	荒	荒	huang	huang1	0.08	0		0	content_single_char_fallback	single_char	1412	common-standard-level-1+pinyin-data
base_dictionary	茫	茫	mang	mang2	0.08	0		0	content_single_char_fallback	single_char	1413	common-standard-level-1+pinyin-data
base_dictionary	荡	荡	dang	dang4	0.08	0		0	content_single_char_fallback	single_char	1414	common-standard-level-1+pinyin-data
base_dictionary	荣	荣	rong	rong2	0.08	0		0	content_single_char_fallback	single_char	1415	common-standard-level-1+pinyin-data
base_dictionary	荤	荤	hun	hun1	0.08	0		0	content_single_char_fallback	single_char	1416	common-standard-level-1+pinyin-data
base_dictionary	荧	荧	ying	ying2	0.08	0		0	content_single_char_fallback	single_char	1417	common-standard-level-1+pinyin-data
base_dictionary	故	故	gu	gu4	0.08	0		0	content_single_char_fallback	single_char	1418	common-standard-level-1+pinyin-data
base_dictionary	胡	胡	hu	hu2	0.08	0		0	content_single_char_fallback	single_char	1419	common-standard-level-1+pinyin-data
base_dictionary	荫	荫	yin	yin1	0.08	0		0	content_single_char_fallback	single_char	1420	common-standard-level-1+pinyin-data
base_dictionary	荔	荔	li	li4	0.08	0		0	content_single_char_fallback	single_char	1421	common-standard-level-1+pinyin-data
base_dictionary	南	南	nan	nan2	0.24	0		0	place_direction_single_char	single_char	1422	common-standard-level-1+pinyin-data
base_dictionary	药	药	yao	yao4	0.14	0		0	service_content_single_char	single_char	1423	common-standard-level-1+pinyin-data
base_dictionary	标	标	biao	biao1	0.08	0		0	content_single_char_fallback	single_char	1424	common-standard-level-1+pinyin-data
base_dictionary	栈	栈	zhan	zhan4	0.08	0		0	content_single_char_fallback	single_char	1425	common-standard-level-1+pinyin-data
base_dictionary	柑	柑	gan	gan1	0.08	0		0	content_single_char_fallback	single_char	1426	common-standard-level-1+pinyin-data
base_dictionary	枯	枯	ku	ku1	0.08	0		0	content_single_char_fallback	single_char	1427	common-standard-level-1+pinyin-data
base_dictionary	柄	柄	bing	bing3	0.08	0		0	content_single_char_fallback	single_char	1428	common-standard-level-1+pinyin-data
base_dictionary	栋	栋	dong	dong4	0.08	0		0	content_single_char_fallback	single_char	1429	common-standard-level-1+pinyin-data
base_dictionary	相	相	xiang	xiang1	0.08	0		0	content_single_char_fallback	single_char	1430	common-standard-level-1+pinyin-data
base_dictionary	查	查	cha	cha2	0.08	0		0	content_single_char_fallback	single_char	1431	common-standard-level-1+pinyin-data
base_dictionary	柏	柏	bai	bai3	0.08	0		0	content_single_char_fallback	single_char	1432	common-standard-level-1+pinyin-data
base_dictionary	栅	栅	zha	zha4	0.08	0		0	content_single_char_fallback	single_char	1433	common-standard-level-1+pinyin-data
base_dictionary	柳	柳	liu	liu3	0.08	0		0	content_single_char_fallback	single_char	1434	common-standard-level-1+pinyin-data
base_dictionary	柱	柱	zhu	zhu4	0.08	0		0	content_single_char_fallback	single_char	1435	common-standard-level-1+pinyin-data
base_dictionary	柿	柿	shi	shi4	0.08	0		0	content_single_char_fallback	single_char	1436	common-standard-level-1+pinyin-data
base_dictionary	栏	栏	lan	lan2	0.08	0		0	content_single_char_fallback	single_char	1437	common-standard-level-1+pinyin-data
base_dictionary	柠	柠	ning	ning2	0.08	0		0	content_single_char_fallback	single_char	1438	common-standard-level-1+pinyin-data
base_dictionary	树	树	shu	shu4	0.08	0		0	content_single_char_fallback	single_char	1439	common-standard-level-1+pinyin-data
base_dictionary	勃	勃	bo	bo2	0.08	0		0	content_single_char_fallback	single_char	1440	common-standard-level-1+pinyin-data
base_dictionary	要	要	yao	yao4	0.30	0		0	function_single_char	single_char	1441	common-standard-level-1+pinyin-data
base_dictionary	柬	柬	jian	jian3	0.08	0		0	content_single_char_fallback	single_char	1442	common-standard-level-1+pinyin-data
base_dictionary	咸	咸	xian	xian2	0.08	0		0	content_single_char_fallback	single_char	1443	common-standard-level-1+pinyin-data
base_dictionary	威	威	wei	wei1	0.08	0		0	content_single_char_fallback	single_char	1444	common-standard-level-1+pinyin-data
base_dictionary	歪	歪	wai	wai1	0.08	0		0	content_single_char_fallback	single_char	1445	common-standard-level-1+pinyin-data
base_dictionary	研	研	yan	yan2	0.08	0		0	content_single_char_fallback	single_char	1446	common-standard-level-1+pinyin-data
base_dictionary	砖	砖	zhuan	zhuan1	0.08	0		0	content_single_char_fallback	single_char	1447	common-standard-level-1+pinyin-data
base_dictionary	厘	厘	li	li2	0.22	0		0	measure_single_char	single_char	1448	common-standard-level-1+pinyin-data
base_dictionary	厚	厚	hou	hou4	0.08	0		0	content_single_char_fallback	single_char	1449	common-standard-level-1+pinyin-data
base_dictionary	砌	砌	qi	qi4	0.08	0		0	content_single_char_fallback	single_char	1450	common-standard-level-1+pinyin-data
base_dictionary	砂	砂	sha	sha1	0.08	0		0	content_single_char_fallback	single_char	1451	common-standard-level-1+pinyin-data
base_dictionary	泵	泵	beng	beng4	0.08	0		0	content_single_char_fallback	single_char	1452	common-standard-level-1+pinyin-data
base_dictionary	砚	砚	yan	yan4	0.08	0		0	content_single_char_fallback	single_char	1453	common-standard-level-1+pinyin-data
base_dictionary	砍	砍	kan	kan3	0.08	0		0	content_single_char_fallback	single_char	1454	common-standard-level-1+pinyin-data
base_dictionary	面	面	mian	mian4	0.08	0		0	content_single_char_fallback	single_char	1455	common-standard-level-1+pinyin-data
base_dictionary	耐	耐	nai	nai4	0.08	0		0	content_single_char_fallback	single_char	1456	common-standard-level-1+pinyin-data
base_dictionary	耍	耍	shua	shua3	0.08	0		0	content_single_char_fallback	single_char	1457	common-standard-level-1+pinyin-data
base_dictionary	牵	牵	qian	qian1	0.08	0		0	content_single_char_fallback	single_char	1458	common-standard-level-1+pinyin-data
base_dictionary	鸥	鸥	ou	ou1	0.08	0		0	content_single_char_fallback	single_char	1459	common-standard-level-1+pinyin-data
base_dictionary	残	残	can	can2	0.08	0		0	content_single_char_fallback	single_char	1460	common-standard-level-1+pinyin-data
base_dictionary	殃	殃	yang	yang1	0.08	0		0	content_single_char_fallback	single_char	1461	common-standard-level-1+pinyin-data
base_dictionary	轴	轴	zhou	zhou2	0.08	0		0	content_single_char_fallback	single_char	1462	common-standard-level-1+pinyin-data
base_dictionary	轻	轻	qing	qing1	0.08	0		0	content_single_char_fallback	single_char	1463	common-standard-level-1+pinyin-data
base_dictionary	鸦	鸦	ya	ya1	0.08	0		0	content_single_char_fallback	single_char	1464	common-standard-level-1+pinyin-data
base_dictionary	皆	皆	jie	jie1	0.08	0		0	content_single_char_fallback	single_char	1465	common-standard-level-1+pinyin-data
base_dictionary	韭	韭	jiu	jiu3	0.08	0		0	content_single_char_fallback	single_char	1466	common-standard-level-1+pinyin-data
base_dictionary	背	背	bei	bei4	0.08	0		0	content_single_char_fallback	single_char	1467	common-standard-level-1+pinyin-data
base_dictionary	战	战	zhan	zhan4	0.08	0		0	content_single_char_fallback	single_char	1468	common-standard-level-1+pinyin-data
base_dictionary	点	点	dian	dian3	0.30	0		0	function_single_char	single_char	1469	common-standard-level-1+pinyin-data
base_dictionary	虐	虐	nve	nve4	0.08	0		0	content_single_char_fallback	single_char	1470	common-standard-level-1+pinyin-data
base_dictionary	临	临	lin	lin2	0.08	0		0	content_single_char_fallback	single_char	1471	common-standard-level-1+pinyin-data
base_dictionary	览	览	lan	lan3	0.08	0		0	content_single_char_fallback	single_char	1472	common-standard-level-1+pinyin-data
base_dictionary	竖	竖	shu	shu4	0.08	0		0	content_single_char_fallback	single_char	1473	common-standard-level-1+pinyin-data
base_dictionary	省	省	sheng	sheng3	0.24	0		0	place_direction_single_char	single_char	1474	common-standard-level-1+pinyin-data
base_dictionary	削	削	xue	xue1	0.08	0		0	content_single_char_fallback	single_char	1475	common-standard-level-1+pinyin-data
base_dictionary	尝	尝	chang	chang2	0.08	0		0	content_single_char_fallback	single_char	1476	common-standard-level-1+pinyin-data
base_dictionary	昧	昧	mei	mei4	0.08	0		0	content_single_char_fallback	single_char	1477	common-standard-level-1+pinyin-data
base_dictionary	盹	盹	dun	dun3	0.08	0		0	content_single_char_fallback	single_char	1478	common-standard-level-1+pinyin-data
base_dictionary	是	是	shi	shi4	0.30	0		0	function_single_char	single_char	1479	common-standard-level-1+pinyin-data
base_dictionary	盼	盼	pan	pan4	0.08	0		0	content_single_char_fallback	single_char	1480	common-standard-level-1+pinyin-data
base_dictionary	眨	眨	zha	zha3	0.08	0		0	content_single_char_fallback	single_char	1481	common-standard-level-1+pinyin-data
base_dictionary	哇	哇	wa	wa	0.08	0		0	content_single_char_fallback	single_char	1482	common-standard-level-1+pinyin-data
base_dictionary	哄	哄	hong	hong3	0.08	0		0	content_single_char_fallback	single_char	1483	common-standard-level-1+pinyin-data
base_dictionary	哑	哑	ya	ya3	0.08	0		0	content_single_char_fallback	single_char	1484	common-standard-level-1+pinyin-data
base_dictionary	显	显	xian	xian3	0.08	0		0	content_single_char_fallback	single_char	1485	common-standard-level-1+pinyin-data
base_dictionary	冒	冒	mao	mao4	0.08	0		0	content_single_char_fallback	single_char	1486	common-standard-level-1+pinyin-data
base_dictionary	映	映	ying	ying4	0.08	0		0	content_single_char_fallback	single_char	1487	common-standard-level-1+pinyin-data
base_dictionary	星	星	xing	xing1	0.08	0		0	content_single_char_fallback	single_char	1488	common-standard-level-1+pinyin-data
base_dictionary	昨	昨	zuo	zuo2	0.26	0		0	time_single_char	single_char	1489	common-standard-level-1+pinyin-data
base_dictionary	咧	咧	lie	lie3	0.08	0		0	content_single_char_fallback	single_char	1490	common-standard-level-1+pinyin-data
base_dictionary	昭	昭	zhao	zhao1	0.08	0		0	content_single_char_fallback	single_char	1491	common-standard-level-1+pinyin-data
base_dictionary	畏	畏	wei	wei4	0.08	0		0	content_single_char_fallback	single_char	1492	common-standard-level-1+pinyin-data
base_dictionary	趴	趴	pa	pa1	0.08	0		0	content_single_char_fallback	single_char	1493	common-standard-level-1+pinyin-data
base_dictionary	胃	胃	wei	wei4	0.08	0		0	content_single_char_fallback	single_char	1494	common-standard-level-1+pinyin-data
base_dictionary	贵	贵	gui	gui4	0.08	0		0	content_single_char_fallback	single_char	1495	common-standard-level-1+pinyin-data
base_dictionary	界	界	jie	jie4	0.08	0		0	content_single_char_fallback	single_char	1496	common-standard-level-1+pinyin-data
base_dictionary	虹	虹	hong	hong2	0.08	0		0	content_single_char_fallback	single_char	1497	common-standard-level-1+pinyin-data
base_dictionary	虾	虾	xia	xia1	0.08	0		0	content_single_char_fallback	single_char	1498	common-standard-level-1+pinyin-data
base_dictionary	蚁	蚁	yi	yi3	0.08	0		0	content_single_char_fallback	single_char	1499	common-standard-level-1+pinyin-data
base_dictionary	思	思	si	si1	0.08	0		0	content_single_char_fallback	single_char	1500	common-standard-level-1+pinyin-data
base_dictionary	蚂	蚂	ma	ma3	0.08	0		0	content_single_char_fallback	single_char	1501	common-standard-level-1+pinyin-data
base_dictionary	虽	虽	sui	sui1	0.30	0		0	function_single_char	single_char	1502	common-standard-level-1+pinyin-data
base_dictionary	品	品	pin	pin3	0.08	0		0	content_single_char_fallback	single_char	1503	common-standard-level-1+pinyin-data
base_dictionary	咽	咽	yan	yan4	0.08	0		0	content_single_char_fallback	single_char	1504	common-standard-level-1+pinyin-data
base_dictionary	骂	骂	ma	ma4	0.08	0		0	content_single_char_fallback	single_char	1505	common-standard-level-1+pinyin-data
base_dictionary	勋	勋	xun	xun1	0.08	0		0	content_single_char_fallback	single_char	1506	common-standard-level-1+pinyin-data
base_dictionary	哗	哗	hua	hua1	0.08	0		0	content_single_char_fallback	single_char	1507	common-standard-level-1+pinyin-data
base_dictionary	咱	咱	zan	zan2	0.08	0		0	content_single_char_fallback	single_char	1508	common-standard-level-1+pinyin-data
base_dictionary	响	响	xiang	xiang3	0.08	0		0	content_single_char_fallback	single_char	1509	common-standard-level-1+pinyin-data
base_dictionary	哈	哈	ha	ha1	0.08	0		0	content_single_char_fallback	single_char	1510	common-standard-level-1+pinyin-data
base_dictionary	哆	哆	duo	duo1	0.08	0		0	content_single_char_fallback	single_char	1511	common-standard-level-1+pinyin-data
base_dictionary	咬	咬	yao	yao3	0.08	0		0	content_single_char_fallback	single_char	1512	common-standard-level-1+pinyin-data
base_dictionary	咳	咳	ke	ke2	0.08	0		0	content_single_char_fallback	single_char	1513	common-standard-level-1+pinyin-data
base_dictionary	咪	咪	mi	mi1	0.08	0		0	content_single_char_fallback	single_char	1514	common-standard-level-1+pinyin-data
base_dictionary	哪	哪	na	na3	0.30	0		0	function_single_char	single_char	1515	common-standard-level-1+pinyin-data
base_dictionary	哟	哟	yo	yo1	0.08	0		0	content_single_char_fallback	single_char	1516	common-standard-level-1+pinyin-data
base_dictionary	炭	炭	tan	tan4	0.08	0		0	content_single_char_fallback	single_char	1517	common-standard-level-1+pinyin-data
base_dictionary	峡	峡	xia	xia2	0.08	0		0	content_single_char_fallback	single_char	1518	common-standard-level-1+pinyin-data
base_dictionary	罚	罚	fa	fa2	0.08	0		0	content_single_char_fallback	single_char	1519	common-standard-level-1+pinyin-data
base_dictionary	贱	贱	jian	jian4	0.08	0		0	content_single_char_fallback	single_char	1520	common-standard-level-1+pinyin-data
base_dictionary	贴	贴	tie	tie1	0.08	0		0	content_single_char_fallback	single_char	1521	common-standard-level-1+pinyin-data
base_dictionary	贻	贻	yi	yi2	0.08	0		0	content_single_char_fallback	single_char	1522	common-standard-level-1+pinyin-data
base_dictionary	骨	骨	gu	gu3	0.08	0		0	content_single_char_fallback	single_char	1523	common-standard-level-1+pinyin-data
base_dictionary	幽	幽	you	you1	0.08	0		0	content_single_char_fallback	single_char	1524	common-standard-level-1+pinyin-data
base_dictionary	钙	钙	gai	gai4	0.08	0		0	content_single_char_fallback	single_char	1525	common-standard-level-1+pinyin-data
base_dictionary	钝	钝	dun	dun4	0.08	0		0	content_single_char_fallback	single_char	1526	common-standard-level-1+pinyin-data
base_dictionary	钞	钞	chao	chao1	0.08	0		0	content_single_char_fallback	single_char	1527	common-standard-level-1+pinyin-data
base_dictionary	钟	钟	zhong	zhong1	0.08	0		0	content_single_char_fallback	single_char	1528	common-standard-level-1+pinyin-data
base_dictionary	钢	钢	gang	gang1	0.08	0		0	content_single_char_fallback	single_char	1529	common-standard-level-1+pinyin-data
base_dictionary	钠	钠	na	na4	0.08	0		0	content_single_char_fallback	single_char	1530	common-standard-level-1+pinyin-data
base_dictionary	钥	钥	yao	yao4	0.08	0		0	content_single_char_fallback	single_char	1531	common-standard-level-1+pinyin-data
base_dictionary	钦	钦	qin	qin1	0.08	0		0	content_single_char_fallback	single_char	1532	common-standard-level-1+pinyin-data
base_dictionary	钧	钧	jun	jun1	0.08	0		0	content_single_char_fallback	single_char	1533	common-standard-level-1+pinyin-data
base_dictionary	钩	钩	gou	gou1	0.08	0		0	content_single_char_fallback	single_char	1534	common-standard-level-1+pinyin-data
base_dictionary	钮	钮	niu	niu3	0.08	0		0	content_single_char_fallback	single_char	1535	common-standard-level-1+pinyin-data
base_dictionary	卸	卸	xie	xie4	0.08	0		0	content_single_char_fallback	single_char	1536	common-standard-level-1+pinyin-data
base_dictionary	缸	缸	gang	gang1	0.08	0		0	content_single_char_fallback	single_char	1537	common-standard-level-1+pinyin-data
base_dictionary	拜	拜	bai	bai4	0.08	0		0	content_single_char_fallback	single_char	1538	common-standard-level-1+pinyin-data
base_dictionary	看	看	kan	kan4	0.30	0		0	function_single_char	single_char	1539	common-standard-level-1+pinyin-data
base_dictionary	矩	矩	ju	ju3	0.08	0		0	content_single_char_fallback	single_char	1540	common-standard-level-1+pinyin-data
base_dictionary	毡	毡	zhan	zhan1	0.08	0		0	content_single_char_fallback	single_char	1541	common-standard-level-1+pinyin-data
base_dictionary	氢	氢	qing	qing1	0.08	0		0	content_single_char_fallback	single_char	1542	common-standard-level-1+pinyin-data
base_dictionary	怎	怎	zen	zen3	0.08	0		0	content_single_char_fallback	single_char	1543	common-standard-level-1+pinyin-data
base_dictionary	牲	牲	sheng	sheng1	0.08	0		0	content_single_char_fallback	single_char	1544	common-standard-level-1+pinyin-data
base_dictionary	选	选	xuan	xuan3	0.08	0		0	content_single_char_fallback	single_char	1545	common-standard-level-1+pinyin-data
base_dictionary	适	适	shi	shi4	0.08	0		0	content_single_char_fallback	single_char	1546	common-standard-level-1+pinyin-data
base_dictionary	秒	秒	miao	miao3	0.26	0		0	time_single_char	single_char	1547	common-standard-level-1+pinyin-data
base_dictionary	香	香	xiang	xiang1	0.08	0		0	content_single_char_fallback	single_char	1548	common-standard-level-1+pinyin-data
base_dictionary	种	种	zhong	zhong3	0.08	0		0	content_single_char_fallback	single_char	1549	common-standard-level-1+pinyin-data
base_dictionary	秋	秋	qiu	qiu1	0.08	0		0	content_single_char_fallback	single_char	1550	common-standard-level-1+pinyin-data
base_dictionary	科	科	ke	ke1	0.14	0		0	service_content_single_char	single_char	1551	common-standard-level-1+pinyin-data
base_dictionary	重	重	zhong	zhong4	0.08	0		0	content_single_char_fallback	single_char	1552	common-standard-level-1+pinyin-data
base_dictionary	复	复	fu	fu4	0.08	0		0	content_single_char_fallback	single_char	1553	common-standard-level-1+pinyin-data
base_dictionary	竿	竿	gan	gan1	0.08	0		0	content_single_char_fallback	single_char	1554	common-standard-level-1+pinyin-data
base_dictionary	段	段	duan	duan4	0.08	0		0	content_single_char_fallback	single_char	1555	common-standard-level-1+pinyin-data
base_dictionary	便	便	bian	bian4	0.08	0		0	content_single_char_fallback	single_char	1556	common-standard-level-1+pinyin-data
base_dictionary	俩	俩	lia	lia3	0.08	0		0	content_single_char_fallback	single_char	1557	common-standard-level-1+pinyin-data
base_dictionary	贷	贷	dai	dai4	0.08	0		0	content_single_char_fallback	single_char	1558	common-standard-level-1+pinyin-data
base_dictionary	顺	顺	shun	shun4	0.08	0		0	content_single_char_fallback	single_char	1559	common-standard-level-1+pinyin-data
base_dictionary	修	修	xiu	xiu1	0.08	0		0	content_single_char_fallback	single_char	1560	common-standard-level-1+pinyin-data
base_dictionary	俏	俏	qiao	qiao4	0.08	0		0	content_single_char_fallback	single_char	1561	common-standard-level-1+pinyin-data
base_dictionary	保	保	bao	bao3	0.14	0		0	service_content_single_char	single_char	1562	common-standard-level-1+pinyin-data
base_dictionary	促	促	cu	cu4	0.08	0		0	content_single_char_fallback	single_char	1563	common-standard-level-1+pinyin-data
base_dictionary	俄	俄	e	e2	0.08	0		0	content_single_char_fallback	single_char	1564	common-standard-level-1+pinyin-data
base_dictionary	俐	俐	li	li4	0.08	0		0	content_single_char_fallback	single_char	1565	common-standard-level-1+pinyin-data
base_dictionary	侮	侮	wu	wu3	0.08	0		0	content_single_char_fallback	single_char	1566	common-standard-level-1+pinyin-data
base_dictionary	俭	俭	jian	jian3	0.08	0		0	content_single_char_fallback	single_char	1567	common-standard-level-1+pinyin-data
base_dictionary	俗	俗	su	su2	0.08	0		0	content_single_char_fallback	single_char	1568	common-standard-level-1+pinyin-data
base_dictionary	俘	俘	fu	fu2	0.08	0		0	content_single_char_fallback	single_char	1569	common-standard-level-1+pinyin-data
base_dictionary	信	信	xin	xin4	0.08	0		0	content_single_char_fallback	single_char	1570	common-standard-level-1+pinyin-data
base_dictionary	皇	皇	huang	huang2	0.08	0		0	content_single_char_fallback	single_char	1571	common-standard-level-1+pinyin-data
base_dictionary	泉	泉	quan	quan2	0.08	0		0	content_single_char_fallback	single_char	1572	common-standard-level-1+pinyin-data
base_dictionary	鬼	鬼	gui	gui3	0.08	0		0	content_single_char_fallback	single_char	1573	common-standard-level-1+pinyin-data
base_dictionary	侵	侵	qin	qin1	0.08	0		0	content_single_char_fallback	single_char	1574	common-standard-level-1+pinyin-data
base_dictionary	禹	禹	yu	yu3	0.08	0		0	content_single_char_fallback	single_char	1575	common-standard-level-1+pinyin-data
base_dictionary	侯	侯	hou	hou2	0.08	0		0	content_single_char_fallback	single_char	1576	common-standard-level-1+pinyin-data
base_dictionary	追	追	zhui	zhui1	0.08	0		0	content_single_char_fallback	single_char	1577	common-standard-level-1+pinyin-data
base_dictionary	俊	俊	jun	jun4	0.08	0		0	content_single_char_fallback	single_char	1578	common-standard-level-1+pinyin-data
base_dictionary	盾	盾	dun	dun4	0.08	0		0	content_single_char_fallback	single_char	1579	common-standard-level-1+pinyin-data
base_dictionary	待	待	dai	dai4	0.08	0		0	content_single_char_fallback	single_char	1580	common-standard-level-1+pinyin-data
base_dictionary	徊	徊	huai	huai2	0.08	0		0	content_single_char_fallback	single_char	1581	common-standard-level-1+pinyin-data
base_dictionary	衍	衍	yan	yan3	0.08	0		0	content_single_char_fallback	single_char	1582	common-standard-level-1+pinyin-data
base_dictionary	律	律	lv	lv4	0.08	0		0	content_single_char_fallback	single_char	1583	common-standard-level-1+pinyin-data
base_dictionary	很	很	hen	hen3	0.30	0		0	function_single_char	single_char	1584	common-standard-level-1+pinyin-data
base_dictionary	须	须	xu	xu1	0.08	0		0	content_single_char_fallback	single_char	1585	common-standard-level-1+pinyin-data
base_dictionary	叙	叙	xu	xu4	0.08	0		0	content_single_char_fallback	single_char	1586	common-standard-level-1+pinyin-data
base_dictionary	剑	剑	jian	jian4	0.08	0		0	content_single_char_fallback	single_char	1587	common-standard-level-1+pinyin-data
base_dictionary	逃	逃	tao	tao2	0.08	0		0	content_single_char_fallback	single_char	1588	common-standard-level-1+pinyin-data
base_dictionary	食	食	shi	shi2	0.08	0		0	content_single_char_fallback	single_char	1589	common-standard-level-1+pinyin-data
base_dictionary	盆	盆	pen	pen2	0.08	0		0	content_single_char_fallback	single_char	1590	common-standard-level-1+pinyin-data
base_dictionary	胚	胚	pei	pei1	0.08	0		0	content_single_char_fallback	single_char	1591	common-standard-level-1+pinyin-data
base_dictionary	胧	胧	long	long2	0.08	0		0	content_single_char_fallback	single_char	1592	common-standard-level-1+pinyin-data
base_dictionary	胆	胆	dan	dan3	0.08	0		0	content_single_char_fallback	single_char	1593	common-standard-level-1+pinyin-data
base_dictionary	胜	胜	sheng	sheng4	0.08	0		0	content_single_char_fallback	single_char	1594	common-standard-level-1+pinyin-data
base_dictionary	胞	胞	bao	bao1	0.08	0		0	content_single_char_fallback	single_char	1595	common-standard-level-1+pinyin-data
base_dictionary	胖	胖	pang	pang4	0.08	0		0	content_single_char_fallback	single_char	1596	common-standard-level-1+pinyin-data
base_dictionary	脉	脉	mai	mai4	0.08	0		0	content_single_char_fallback	single_char	1597	common-standard-level-1+pinyin-data
base_dictionary	胎	胎	tai	tai1	0.08	0		0	content_single_char_fallback	single_char	1598	common-standard-level-1+pinyin-data
base_dictionary	勉	勉	mian	mian3	0.08	0		0	content_single_char_fallback	single_char	1599	common-standard-level-1+pinyin-data
base_dictionary	狭	狭	xia	xia2	0.08	0		0	content_single_char_fallback	single_char	1600	common-standard-level-1+pinyin-data
base_dictionary	狮	狮	shi	shi1	0.08	0		0	content_single_char_fallback	single_char	1601	common-standard-level-1+pinyin-data
base_dictionary	独	独	du	du2	0.08	0		0	content_single_char_fallback	single_char	1602	common-standard-level-1+pinyin-data
base_dictionary	狰	狰	zheng	zheng1	0.08	0		0	content_single_char_fallback	single_char	1603	common-standard-level-1+pinyin-data
base_dictionary	狡	狡	jiao	jiao3	0.08	0		0	content_single_char_fallback	single_char	1604	common-standard-level-1+pinyin-data
base_dictionary	狱	狱	yu	yu4	0.08	0		0	content_single_char_fallback	single_char	1605	common-standard-level-1+pinyin-data
base_dictionary	狠	狠	hen	hen3	0.08	0		0	content_single_char_fallback	single_char	1606	common-standard-level-1+pinyin-data
base_dictionary	贸	贸	mao	mao4	0.08	0		0	content_single_char_fallback	single_char	1607	common-standard-level-1+pinyin-data
base_dictionary	怨	怨	yuan	yuan4	0.08	0		0	content_single_char_fallback	single_char	1608	common-standard-level-1+pinyin-data
base_dictionary	急	急	ji	ji2	0.08	0		0	content_single_char_fallback	single_char	1609	common-standard-level-1+pinyin-data
base_dictionary	饵	饵	er	er3	0.08	0		0	content_single_char_fallback	single_char	1610	common-standard-level-1+pinyin-data
base_dictionary	饶	饶	rao	rao2	0.08	0		0	content_single_char_fallback	single_char	1611	common-standard-level-1+pinyin-data
base_dictionary	蚀	蚀	shi	shi2	0.08	0		0	content_single_char_fallback	single_char	1612	common-standard-level-1+pinyin-data
base_dictionary	饺	饺	jiao	jiao3	0.08	0		0	content_single_char_fallback	single_char	1613	common-standard-level-1+pinyin-data
base_dictionary	饼	饼	bing	bing3	0.08	0		0	content_single_char_fallback	single_char	1614	common-standard-level-1+pinyin-data
base_dictionary	峦	峦	luan	luan2	0.08	0		0	content_single_char_fallback	single_char	1615	common-standard-level-1+pinyin-data
base_dictionary	弯	弯	wan	wan1	0.08	0		0	content_single_char_fallback	single_char	1616	common-standard-level-1+pinyin-data
base_dictionary	将	将	jiang	jiang1	0.30	0		0	function_single_char	single_char	1617	common-standard-level-1+pinyin-data
base_dictionary	奖	奖	jiang	jiang3	0.08	0		0	content_single_char_fallback	single_char	1618	common-standard-level-1+pinyin-data
base_dictionary	哀	哀	ai	ai1	0.08	0		0	content_single_char_fallback	single_char	1619	common-standard-level-1+pinyin-data
base_dictionary	亭	亭	ting	ting2	0.08	0		0	content_single_char_fallback	single_char	1620	common-standard-level-1+pinyin-data
base_dictionary	亮	亮	liang	liang4	0.08	0		0	content_single_char_fallback	single_char	1621	common-standard-level-1+pinyin-data
base_dictionary	度	度	du	du4	0.08	0		0	content_single_char_fallback	single_char	1622	common-standard-level-1+pinyin-data
base_dictionary	迹	迹	ji	ji4	0.08	0		0	content_single_char_fallback	single_char	1623	common-standard-level-1+pinyin-data
base_dictionary	庭	庭	ting	ting2	0.08	0		0	content_single_char_fallback	single_char	1624	common-standard-level-1+pinyin-data
base_dictionary	疮	疮	chuang	chuang1	0.08	0		0	content_single_char_fallback	single_char	1625	common-standard-level-1+pinyin-data
base_dictionary	疯	疯	feng	feng1	0.08	0		0	content_single_char_fallback	single_char	1626	common-standard-level-1+pinyin-data
base_dictionary	疫	疫	yi	yi4	0.08	0		0	content_single_char_fallback	single_char	1627	common-standard-level-1+pinyin-data
base_dictionary	疤	疤	ba	ba1	0.08	0		0	content_single_char_fallback	single_char	1628	common-standard-level-1+pinyin-data
base_dictionary	咨	咨	zi	zi1	0.08	0		0	content_single_char_fallback	single_char	1629	common-standard-level-1+pinyin-data
base_dictionary	姿	姿	zi	zi1	0.08	0		0	content_single_char_fallback	single_char	1630	common-standard-level-1+pinyin-data
base_dictionary	亲	亲	qin	qin1	0.08	0		0	content_single_char_fallback	single_char	1631	common-standard-level-1+pinyin-data
base_dictionary	音	音	yin	yin1	0.08	0		0	content_single_char_fallback	single_char	1632	common-standard-level-1+pinyin-data
base_dictionary	帝	帝	di	di4	0.08	0		0	content_single_char_fallback	single_char	1633	common-standard-level-1+pinyin-data
base_dictionary	施	施	shi	shi1	0.08	0		0	content_single_char_fallback	single_char	1634	common-standard-level-1+pinyin-data
base_dictionary	闺	闺	gui	gui1	0.08	0		0	content_single_char_fallback	single_char	1635	common-standard-level-1+pinyin-data
base_dictionary	闻	闻	wen	wen2	0.08	0		0	content_single_char_fallback	single_char	1636	common-standard-level-1+pinyin-data
base_dictionary	闽	闽	min	min3	0.08	0		0	content_single_char_fallback	single_char	1637	common-standard-level-1+pinyin-data
base_dictionary	阀	阀	fa	fa2	0.08	0		0	content_single_char_fallback	single_char	1638	common-standard-level-1+pinyin-data
base_dictionary	阁	阁	ge	ge2	0.08	0		0	content_single_char_fallback	single_char	1639	common-standard-level-1+pinyin-data
base_dictionary	差	差	cha	cha4	0.08	0		0	content_single_char_fallback	single_char	1640	common-standard-level-1+pinyin-data
base_dictionary	养	养	yang	yang3	0.08	0		0	content_single_char_fallback	single_char	1641	common-standard-level-1+pinyin-data
base_dictionary	美	美	mei	mei3	0.08	0		0	content_single_char_fallback	single_char	1642	common-standard-level-1+pinyin-data
base_dictionary	姜	姜	jiang	jiang1	0.08	0		0	content_single_char_fallback	single_char	1643	common-standard-level-1+pinyin-data
base_dictionary	叛	叛	pan	pan4	0.08	0		0	content_single_char_fallback	single_char	1644	common-standard-level-1+pinyin-data
base_dictionary	送	送	song	song4	0.08	0		0	content_single_char_fallback	single_char	1645	common-standard-level-1+pinyin-data
base_dictionary	类	类	lei	lei4	0.08	0		0	content_single_char_fallback	single_char	1646	common-standard-level-1+pinyin-data
base_dictionary	迷	迷	mi	mi2	0.08	0		0	content_single_char_fallback	single_char	1647	common-standard-level-1+pinyin-data
base_dictionary	籽	籽	zi	zi3	0.08	0		0	content_single_char_fallback	single_char	1648	common-standard-level-1+pinyin-data
base_dictionary	娄	娄	lou	lou2	0.08	0		0	content_single_char_fallback	single_char	1649	common-standard-level-1+pinyin-data
base_dictionary	前	前	qian	qian2	0.26	0		0	time_single_char	single_char	1650	common-standard-level-1+pinyin-data
base_dictionary	首	首	shou	shou3	0.08	0		0	content_single_char_fallback	single_char	1651	common-standard-level-1+pinyin-data
base_dictionary	逆	逆	ni	ni4	0.08	0		0	content_single_char_fallback	single_char	1652	common-standard-level-1+pinyin-data
base_dictionary	兹	兹	zi	zi1	0.08	0		0	content_single_char_fallback	single_char	1653	common-standard-level-1+pinyin-data
base_dictionary	总	总	zong	zong3	0.08	0		0	content_single_char_fallback	single_char	1654	common-standard-level-1+pinyin-data
base_dictionary	炼	炼	lian	lian4	0.08	0		0	content_single_char_fallback	single_char	1655	common-standard-level-1+pinyin-data
base_dictionary	炸	炸	zha	zha4	0.08	0		0	content_single_char_fallback	single_char	1656	common-standard-level-1+pinyin-data
base_dictionary	烁	烁	shuo	shuo4	0.08	0		0	content_single_char_fallback	single_char	1657	common-standard-level-1+pinyin-data
base_dictionary	炮	炮	pao	pao4	0.08	0		0	content_single_char_fallback	single_char	1658	common-standard-level-1+pinyin-data
base_dictionary	炫	炫	xuan	xuan4	0.08	0		0	content_single_char_fallback	single_char	1659	common-standard-level-1+pinyin-data
base_dictionary	烂	烂	lan	lan4	0.08	0		0	content_single_char_fallback	single_char	1660	common-standard-level-1+pinyin-data
base_dictionary	剃	剃	ti	ti4	0.08	0		0	content_single_char_fallback	single_char	1661	common-standard-level-1+pinyin-data
base_dictionary	洼	洼	wa	wa1	0.08	0		0	content_single_char_fallback	single_char	1662	common-standard-level-1+pinyin-data
base_dictionary	洁	洁	jie	jie2	0.08	0		0	content_single_char_fallback	single_char	1663	common-standard-level-1+pinyin-data
base_dictionary	洪	洪	hong	hong2	0.08	0		0	content_single_char_fallback	single_char	1664	common-standard-level-1+pinyin-data
base_dictionary	洒	洒	sa	sa3	0.08	0		0	content_single_char_fallback	single_char	1665	common-standard-level-1+pinyin-data
base_dictionary	柒	柒	qi	qi1	0.08	0		0	content_single_char_fallback	single_char	1666	common-standard-level-1+pinyin-data
base_dictionary	浇	浇	jiao	jiao1	0.08	0		0	content_single_char_fallback	single_char	1667	common-standard-level-1+pinyin-data
base_dictionary	浊	浊	zhuo	zhuo2	0.08	0		0	content_single_char_fallback	single_char	1668	common-standard-level-1+pinyin-data
base_dictionary	洞	洞	dong	dong4	0.08	0		0	content_single_char_fallback	single_char	1669	common-standard-level-1+pinyin-data
base_dictionary	测	测	ce	ce4	0.08	0		0	content_single_char_fallback	single_char	1670	common-standard-level-1+pinyin-data
base_dictionary	洗	洗	xi	xi3	0.08	0		0	content_single_char_fallback	single_char	1671	common-standard-level-1+pinyin-data
base_dictionary	活	活	huo	huo2	0.08	0		0	content_single_char_fallback	single_char	1672	common-standard-level-1+pinyin-data
base_dictionary	派	派	pai	pai4	0.08	0		0	content_single_char_fallback	single_char	1673	common-standard-level-1+pinyin-data
base_dictionary	洽	洽	qia	qia4	0.08	0		0	content_single_char_fallback	single_char	1674	common-standard-level-1+pinyin-data
base_dictionary	染	染	ran	ran3	0.08	0		0	content_single_char_fallback	single_char	1675	common-standard-level-1+pinyin-data
base_dictionary	洛	洛	luo	luo4	0.08	0		0	content_single_char_fallback	single_char	1676	common-standard-level-1+pinyin-data
base_dictionary	浏	浏	liu	liu2	0.08	0		0	content_single_char_fallback	single_char	1677	common-standard-level-1+pinyin-data
base_dictionary	济	济	ji	ji4	0.08	0		0	content_single_char_fallback	single_char	1678	common-standard-level-1+pinyin-data
base_dictionary	洋	洋	yang	yang2	0.08	0		0	content_single_char_fallback	single_char	1679	common-standard-level-1+pinyin-data
base_dictionary	洲	洲	zhou	zhou1	0.08	0		0	content_single_char_fallback	single_char	1680	common-standard-level-1+pinyin-data
base_dictionary	浑	浑	hun	hun2	0.08	0		0	content_single_char_fallback	single_char	1681	common-standard-level-1+pinyin-data
base_dictionary	浓	浓	nong	nong2	0.08	0		0	content_single_char_fallback	single_char	1682	common-standard-level-1+pinyin-data
base_dictionary	津	津	jin	jin1	0.08	0		0	content_single_char_fallback	single_char	1683	common-standard-level-1+pinyin-data
base_dictionary	恃	恃	shi	shi4	0.08	0		0	content_single_char_fallback	single_char	1684	common-standard-level-1+pinyin-data
base_dictionary	恒	恒	heng	heng2	0.08	0		0	content_single_char_fallback	single_char	1685	common-standard-level-1+pinyin-data
base_dictionary	恢	恢	hui	hui1	0.08	0		0	content_single_char_fallback	single_char	1686	common-standard-level-1+pinyin-data
base_dictionary	恍	恍	huang	huang3	0.08	0		0	content_single_char_fallback	single_char	1687	common-standard-level-1+pinyin-data
base_dictionary	恬	恬	tian	tian2	0.08	0		0	content_single_char_fallback	single_char	1688	common-standard-level-1+pinyin-data
base_dictionary	恤	恤	xu	xu4	0.08	0		0	content_single_char_fallback	single_char	1689	common-standard-level-1+pinyin-data
base_dictionary	恰	恰	qia	qia4	0.08	0		0	content_single_char_fallback	single_char	1690	common-standard-level-1+pinyin-data
base_dictionary	恼	恼	nao	nao3	0.08	0		0	content_single_char_fallback	single_char	1691	common-standard-level-1+pinyin-data
base_dictionary	恨	恨	hen	hen4	0.08	0		0	content_single_char_fallback	single_char	1692	common-standard-level-1+pinyin-data
base_dictionary	举	举	ju	ju3	0.08	0		0	content_single_char_fallback	single_char	1693	common-standard-level-1+pinyin-data
base_dictionary	觉	觉	jue	jue2	0.08	0		0	content_single_char_fallback	single_char	1694	common-standard-level-1+pinyin-data
base_dictionary	宣	宣	xuan	xuan1	0.08	0		0	content_single_char_fallback	single_char	1695	common-standard-level-1+pinyin-data
base_dictionary	宦	宦	huan	huan4	0.08	0		0	content_single_char_fallback	single_char	1696	common-standard-level-1+pinyin-data
base_dictionary	室	室	shi	shi4	0.24	0		0	place_direction_single_char	single_char	1697	common-standard-level-1+pinyin-data
base_dictionary	宫	宫	gong	gong1	0.08	0		0	content_single_char_fallback	single_char	1698	common-standard-level-1+pinyin-data
base_dictionary	宪	宪	xian	xian4	0.08	0		0	content_single_char_fallback	single_char	1699	common-standard-level-1+pinyin-data
base_dictionary	突	突	tu	tu1	0.08	0		0	content_single_char_fallback	single_char	1700	common-standard-level-1+pinyin-data
base_dictionary	穿	穿	chuan	chuan1	0.08	0		0	content_single_char_fallback	single_char	1701	common-standard-level-1+pinyin-data
base_dictionary	窃	窃	qie	qie4	0.08	0		0	content_single_char_fallback	single_char	1702	common-standard-level-1+pinyin-data
base_dictionary	客	客	ke	ke4	0.08	0		0	content_single_char_fallback	single_char	1703	common-standard-level-1+pinyin-data
base_dictionary	诫	诫	jie	jie4	0.08	0		0	content_single_char_fallback	single_char	1704	common-standard-level-1+pinyin-data
base_dictionary	冠	冠	guan	guan1	0.08	0		0	content_single_char_fallback	single_char	1705	common-standard-level-1+pinyin-data
base_dictionary	诬	诬	wu	wu1	0.08	0		0	content_single_char_fallback	single_char	1706	common-standard-level-1+pinyin-data
base_dictionary	语	语	yu	yu3	0.08	0		0	content_single_char_fallback	single_char	1707	common-standard-level-1+pinyin-data
base_dictionary	扁	扁	bian	bian3	0.08	0		0	content_single_char_fallback	single_char	1708	common-standard-level-1+pinyin-data
base_dictionary	袄	袄	ao	ao3	0.08	0		0	content_single_char_fallback	single_char	1709	common-standard-level-1+pinyin-data
base_dictionary	祖	祖	zu	zu3	0.08	0		0	content_single_char_fallback	single_char	1710	common-standard-level-1+pinyin-data
base_dictionary	神	神	shen	shen2	0.08	0		0	content_single_char_fallback	single_char	1711	common-standard-level-1+pinyin-data
base_dictionary	祝	祝	zhu	zhu4	0.08	0		0	content_single_char_fallback	single_char	1712	common-standard-level-1+pinyin-data
base_dictionary	祠	祠	ci	ci2	0.08	0		0	content_single_char_fallback	single_char	1713	common-standard-level-1+pinyin-data
base_dictionary	误	误	wu	wu4	0.08	0		0	content_single_char_fallback	single_char	1714	common-standard-level-1+pinyin-data
base_dictionary	诱	诱	you	you4	0.08	0		0	content_single_char_fallback	single_char	1715	common-standard-level-1+pinyin-data
base_dictionary	诲	诲	hui	hui4	0.08	0		0	content_single_char_fallback	single_char	1716	common-standard-level-1+pinyin-data
base_dictionary	说	说	shuo	shuo1	0.30	0		0	function_single_char	single_char	1717	common-standard-level-1+pinyin-data
base_dictionary	诵	诵	song	song4	0.08	0		0	content_single_char_fallback	single_char	1718	common-standard-level-1+pinyin-data
base_dictionary	垦	垦	ken	ken3	0.08	0		0	content_single_char_fallback	single_char	1719	common-standard-level-1+pinyin-data
base_dictionary	退	退	tui	tui4	0.08	0		0	content_single_char_fallback	single_char	1720	common-standard-level-1+pinyin-data
base_dictionary	既	既	ji	ji4	0.08	0		0	content_single_char_fallback	single_char	1721	common-standard-level-1+pinyin-data
base_dictionary	屋	屋	wu	wu1	0.08	0		0	content_single_char_fallback	single_char	1722	common-standard-level-1+pinyin-data
base_dictionary	昼	昼	zhou	zhou4	0.08	0		0	content_single_char_fallback	single_char	1723	common-standard-level-1+pinyin-data
base_dictionary	屏	屏	ping	ping2	0.08	0		0	content_single_char_fallback	single_char	1724	common-standard-level-1+pinyin-data
base_dictionary	屎	屎	shi	shi3	0.08	0		0	content_single_char_fallback	single_char	1725	common-standard-level-1+pinyin-data
base_dictionary	费	费	fei	fei4	0.14	0		0	service_content_single_char	single_char	1726	common-standard-level-1+pinyin-data
base_dictionary	陡	陡	dou	dou3	0.08	0		0	content_single_char_fallback	single_char	1727	common-standard-level-1+pinyin-data
base_dictionary	逊	逊	xun	xun4	0.08	0		0	content_single_char_fallback	single_char	1728	common-standard-level-1+pinyin-data
base_dictionary	眉	眉	mei	mei2	0.08	0		0	content_single_char_fallback	single_char	1729	common-standard-level-1+pinyin-data
base_dictionary	孩	孩	hai	hai2	0.08	0		0	content_single_char_fallback	single_char	1730	common-standard-level-1+pinyin-data
base_dictionary	陨	陨	yun	yun3	0.08	0		0	content_single_char_fallback	single_char	1731	common-standard-level-1+pinyin-data
base_dictionary	除	除	chu	chu2	0.08	0		0	content_single_char_fallback	single_char	1732	common-standard-level-1+pinyin-data
base_dictionary	险	险	xian	xian3	0.14	0		0	service_content_single_char	single_char	1733	common-standard-level-1+pinyin-data
base_dictionary	院	院	yuan	yuan4	0.24	0		0	place_direction_single_char	single_char	1734	common-standard-level-1+pinyin-data
base_dictionary	娃	娃	wa	wa2	0.08	0		0	content_single_char_fallback	single_char	1735	common-standard-level-1+pinyin-data
base_dictionary	姥	姥	lao	lao3	0.08	0		0	content_single_char_fallback	single_char	1736	common-standard-level-1+pinyin-data
base_dictionary	姨	姨	yi	yi2	0.08	0		0	content_single_char_fallback	single_char	1737	common-standard-level-1+pinyin-data
base_dictionary	姻	姻	yin	yin1	0.08	0		0	content_single_char_fallback	single_char	1738	common-standard-level-1+pinyin-data
base_dictionary	娇	娇	jiao	jiao1	0.08	0		0	content_single_char_fallback	single_char	1739	common-standard-level-1+pinyin-data
base_dictionary	姚	姚	yao	yao2	0.08	0		0	content_single_char_fallback	single_char	1740	common-standard-level-1+pinyin-data
base_dictionary	娜	娜	na	na4	0.08	0		0	content_single_char_fallback	single_char	1741	common-standard-level-1+pinyin-data
base_dictionary	怒	怒	nu	nu4	0.08	0		0	content_single_char_fallback	single_char	1742	common-standard-level-1+pinyin-data
base_dictionary	架	架	jia	jia4	0.08	0		0	content_single_char_fallback	single_char	1743	common-standard-level-1+pinyin-data
base_dictionary	贺	贺	he	he4	0.08	0		0	content_single_char_fallback	single_char	1744	common-standard-level-1+pinyin-data
base_dictionary	盈	盈	ying	ying2	0.08	0		0	content_single_char_fallback	single_char	1745	common-standard-level-1+pinyin-data
base_dictionary	勇	勇	yong	yong3	0.08	0		0	content_single_char_fallback	single_char	1746	common-standard-level-1+pinyin-data
base_dictionary	怠	怠	dai	dai4	0.08	0		0	content_single_char_fallback	single_char	1747	common-standard-level-1+pinyin-data
base_dictionary	癸	癸	gui	gui3	0.08	0		0	content_single_char_fallback	single_char	1748	common-standard-level-1+pinyin-data
base_dictionary	蚤	蚤	zao	zao3	0.08	0		0	content_single_char_fallback	single_char	1749	common-standard-level-1+pinyin-data
base_dictionary	柔	柔	rou	rou2	0.08	0		0	content_single_char_fallback	single_char	1750	common-standard-level-1+pinyin-data
base_dictionary	垒	垒	lei	lei3	0.08	0		0	content_single_char_fallback	single_char	1751	common-standard-level-1+pinyin-data
base_dictionary	绑	绑	bang	bang3	0.08	0		0	content_single_char_fallback	single_char	1752	common-standard-level-1+pinyin-data
base_dictionary	绒	绒	rong	rong2	0.08	0		0	content_single_char_fallback	single_char	1753	common-standard-level-1+pinyin-data
base_dictionary	结	结	jie	jie2	0.08	0		0	content_single_char_fallback	single_char	1754	common-standard-level-1+pinyin-data
base_dictionary	绕	绕	rao	rao4	0.08	0		0	content_single_char_fallback	single_char	1755	common-standard-level-1+pinyin-data
base_dictionary	骄	骄	jiao	jiao1	0.08	0		0	content_single_char_fallback	single_char	1756	common-standard-level-1+pinyin-data
base_dictionary	绘	绘	hui	hui4	0.08	0		0	content_single_char_fallback	single_char	1757	common-standard-level-1+pinyin-data
base_dictionary	给	给	gei	gei3	0.30	0		0	function_single_char	single_char	1758	common-standard-level-1+pinyin-data
base_dictionary	绚	绚	xuan	xuan4	0.08	0		0	content_single_char_fallback	single_char	1759	common-standard-level-1+pinyin-data
base_dictionary	骆	骆	luo	luo4	0.08	0		0	content_single_char_fallback	single_char	1760	common-standard-level-1+pinyin-data
base_dictionary	络	络	luo	luo4	0.08	0		0	content_single_char_fallback	single_char	1761	common-standard-level-1+pinyin-data
base_dictionary	绝	绝	jue	jue2	0.08	0		0	content_single_char_fallback	single_char	1762	common-standard-level-1+pinyin-data
base_dictionary	绞	绞	jiao	jiao3	0.08	0		0	content_single_char_fallback	single_char	1763	common-standard-level-1+pinyin-data
base_dictionary	骇	骇	hai	hai4	0.08	0		0	content_single_char_fallback	single_char	1764	common-standard-level-1+pinyin-data
base_dictionary	统	统	tong	tong3	0.08	0		0	content_single_char_fallback	single_char	1765	common-standard-level-1+pinyin-data
base_dictionary	耕	耕	geng	geng1	0.08	0		0	content_single_char_fallback	single_char	1766	common-standard-level-1+pinyin-data
base_dictionary	耘	耘	yun	yun2	0.08	0		0	content_single_char_fallback	single_char	1767	common-standard-level-1+pinyin-data
base_dictionary	耗	耗	hao	hao4	0.08	0		0	content_single_char_fallback	single_char	1768	common-standard-level-1+pinyin-data
base_dictionary	耙	耙	ba	ba4	0.08	0		0	content_single_char_fallback	single_char	1769	common-standard-level-1+pinyin-data
base_dictionary	艳	艳	yan	yan4	0.08	0		0	content_single_char_fallback	single_char	1770	common-standard-level-1+pinyin-data
base_dictionary	泰	泰	tai	tai4	0.08	0		0	content_single_char_fallback	single_char	1771	common-standard-level-1+pinyin-data
base_dictionary	秦	秦	qin	qin2	0.08	0		0	content_single_char_fallback	single_char	1772	common-standard-level-1+pinyin-data
base_dictionary	珠	珠	zhu	zhu1	0.08	0		0	content_single_char_fallback	single_char	1773	common-standard-level-1+pinyin-data
base_dictionary	班	班	ban	ban1	0.22	0		0	measure_single_char	single_char	1774	common-standard-level-1+pinyin-data
base_dictionary	素	素	su	su4	0.08	0		0	content_single_char_fallback	single_char	1775	common-standard-level-1+pinyin-data
base_dictionary	匿	匿	ni	ni4	0.08	0		0	content_single_char_fallback	single_char	1776	common-standard-level-1+pinyin-data
base_dictionary	蚕	蚕	can	can2	0.08	0		0	content_single_char_fallback	single_char	1777	common-standard-level-1+pinyin-data
base_dictionary	顽	顽	wan	wan2	0.08	0		0	content_single_char_fallback	single_char	1778	common-standard-level-1+pinyin-data
base_dictionary	盏	盏	zhan	zhan3	0.08	0		0	content_single_char_fallback	single_char	1779	common-standard-level-1+pinyin-data
base_dictionary	匪	匪	fei	fei3	0.08	0		0	content_single_char_fallback	single_char	1780	common-standard-level-1+pinyin-data
base_dictionary	捞	捞	lao	lao1	0.08	0		0	content_single_char_fallback	single_char	1781	common-standard-level-1+pinyin-data
base_dictionary	栽	栽	zai	zai1	0.08	0		0	content_single_char_fallback	single_char	1782	common-standard-level-1+pinyin-data
base_dictionary	捕	捕	bu	bu3	0.08	0		0	content_single_char_fallback	single_char	1783	common-standard-level-1+pinyin-data
base_dictionary	埂	埂	geng	geng3	0.08	0		0	content_single_char_fallback	single_char	1784	common-standard-level-1+pinyin-data
base_dictionary	捂	捂	wu	wu3	0.08	0		0	content_single_char_fallback	single_char	1785	common-standard-level-1+pinyin-data
base_dictionary	振	振	zhen	zhen4	0.08	0		0	content_single_char_fallback	single_char	1786	common-standard-level-1+pinyin-data
base_dictionary	载	载	zai	zai4	0.08	0		0	content_single_char_fallback	single_char	1787	common-standard-level-1+pinyin-data
base_dictionary	赶	赶	gan	gan3	0.08	0		0	content_single_char_fallback	single_char	1788	common-standard-level-1+pinyin-data
base_dictionary	起	起	qi	qi3	0.08	0		0	content_single_char_fallback	single_char	1789	common-standard-level-1+pinyin-data
base_dictionary	盐	盐	yan	yan2	0.08	0		0	content_single_char_fallback	single_char	1790	common-standard-level-1+pinyin-data
base_dictionary	捎	捎	shao	shao1	0.08	0		0	content_single_char_fallback	single_char	1791	common-standard-level-1+pinyin-data
base_dictionary	捍	捍	han	han4	0.08	0		0	content_single_char_fallback	single_char	1792	common-standard-level-1+pinyin-data
base_dictionary	捏	捏	nie	nie1	0.08	0		0	content_single_char_fallback	single_char	1793	common-standard-level-1+pinyin-data
base_dictionary	埋	埋	mai	mai2	0.08	0		0	content_single_char_fallback	single_char	1794	common-standard-level-1+pinyin-data
base_dictionary	捉	捉	zhuo	zhuo1	0.08	0		0	content_single_char_fallback	single_char	1795	common-standard-level-1+pinyin-data
base_dictionary	捆	捆	kun	kun3	0.08	0		0	content_single_char_fallback	single_char	1796	common-standard-level-1+pinyin-data
base_dictionary	捐	捐	juan	juan1	0.08	0		0	content_single_char_fallback	single_char	1797	common-standard-level-1+pinyin-data
base_dictionary	损	损	sun	sun3	0.08	0		0	content_single_char_fallback	single_char	1798	common-standard-level-1+pinyin-data
base_dictionary	袁	袁	yuan	yuan2	0.08	0		0	content_single_char_fallback	single_char	1799	common-standard-level-1+pinyin-data
base_dictionary	捌	捌	ba	ba1	0.08	0		0	content_single_char_fallback	single_char	1800	common-standard-level-1+pinyin-data
base_dictionary	都	都	dou	dou1	0.30	0		0	function_single_char	single_char	1801	common-standard-level-1+pinyin-data
base_dictionary	哲	哲	zhe	zhe2	0.08	0		0	content_single_char_fallback	single_char	1802	common-standard-level-1+pinyin-data
base_dictionary	逝	逝	shi	shi4	0.08	0		0	content_single_char_fallback	single_char	1803	common-standard-level-1+pinyin-data
base_dictionary	捡	捡	jian	jian3	0.08	0		0	content_single_char_fallback	single_char	1804	common-standard-level-1+pinyin-data
base_dictionary	挫	挫	cuo	cuo4	0.08	0		0	content_single_char_fallback	single_char	1805	common-standard-level-1+pinyin-data
base_dictionary	换	换	huan	huan4	0.08	0		0	content_single_char_fallback	single_char	1806	common-standard-level-1+pinyin-data
base_dictionary	挽	挽	wan	wan3	0.08	0		0	content_single_char_fallback	single_char	1807	common-standard-level-1+pinyin-data
base_dictionary	挚	挚	zhi	zhi4	0.08	0		0	content_single_char_fallback	single_char	1808	common-standard-level-1+pinyin-data
base_dictionary	热	热	re	re4	0.08	0		0	content_single_char_fallback	single_char	1809	common-standard-level-1+pinyin-data
base_dictionary	恐	恐	kong	kong3	0.08	0		0	content_single_char_fallback	single_char	1810	common-standard-level-1+pinyin-data
base_dictionary	捣	捣	dao	dao3	0.08	0		0	content_single_char_fallback	single_char	1811	common-standard-level-1+pinyin-data
base_dictionary	壶	壶	hu	hu2	0.08	0		0	content_single_char_fallback	single_char	1812	common-standard-level-1+pinyin-data
base_dictionary	捅	捅	tong	tong3	0.08	0		0	content_single_char_fallback	single_char	1813	common-standard-level-1+pinyin-data
base_dictionary	埃	埃	ai	ai1	0.08	0		0	content_single_char_fallback	single_char	1814	common-standard-level-1+pinyin-data
base_dictionary	挨	挨	ai	ai1	0.08	0		0	content_single_char_fallback	single_char	1815	common-standard-level-1+pinyin-data
base_dictionary	耻	耻	chi	chi3	0.08	0		0	content_single_char_fallback	single_char	1816	common-standard-level-1+pinyin-data
base_dictionary	耿	耿	geng	geng3	0.08	0		0	content_single_char_fallback	single_char	1817	common-standard-level-1+pinyin-data
base_dictionary	耽	耽	dan	dan1	0.08	0		0	content_single_char_fallback	single_char	1818	common-standard-level-1+pinyin-data
base_dictionary	聂	聂	nie	nie4	0.08	0		0	content_single_char_fallback	single_char	1819	common-standard-level-1+pinyin-data
base_dictionary	恭	恭	gong	gong1	0.08	0		0	content_single_char_fallback	single_char	1820	common-standard-level-1+pinyin-data
base_dictionary	莽	莽	mang	mang3	0.08	0		0	content_single_char_fallback	single_char	1821	common-standard-level-1+pinyin-data
base_dictionary	莱	莱	lai	lai2	0.08	0		0	content_single_char_fallback	single_char	1822	common-standard-level-1+pinyin-data
base_dictionary	莲	莲	lian	lian2	0.08	0		0	content_single_char_fallback	single_char	1823	common-standard-level-1+pinyin-data
base_dictionary	莫	莫	mo	mo4	0.08	0		0	content_single_char_fallback	single_char	1824	common-standard-level-1+pinyin-data
base_dictionary	莉	莉	li	li4	0.08	0		0	content_single_char_fallback	single_char	1825	common-standard-level-1+pinyin-data
base_dictionary	荷	荷	he	he2	0.08	0		0	content_single_char_fallback	single_char	1826	common-standard-level-1+pinyin-data
base_dictionary	获	获	huo	huo4	0.08	0		0	content_single_char_fallback	single_char	1827	common-standard-level-1+pinyin-data
base_dictionary	晋	晋	jin	jin4	0.08	0		0	content_single_char_fallback	single_char	1828	common-standard-level-1+pinyin-data
base_dictionary	恶	恶	e	e4	0.08	0		0	content_single_char_fallback	single_char	1829	common-standard-level-1+pinyin-data
base_dictionary	莹	莹	ying	ying2	0.08	0		0	content_single_char_fallback	single_char	1830	common-standard-level-1+pinyin-data
base_dictionary	莺	莺	ying	ying1	0.08	0		0	content_single_char_fallback	single_char	1831	common-standard-level-1+pinyin-data
base_dictionary	真	真	zhen	zhen1	0.08	0		0	content_single_char_fallback	single_char	1832	common-standard-level-1+pinyin-data
base_dictionary	框	框	kuang	kuang1	0.08	0		0	content_single_char_fallback	single_char	1833	common-standard-level-1+pinyin-data
base_dictionary	梆	梆	bang	bang1	0.08	0		0	content_single_char_fallback	single_char	1834	common-standard-level-1+pinyin-data
base_dictionary	桂	桂	gui	gui4	0.08	0		0	content_single_char_fallback	single_char	1835	common-standard-level-1+pinyin-data
base_dictionary	桔	桔	ju	ju2	0.08	0		0	content_single_char_fallback	single_char	1836	common-standard-level-1+pinyin-data
base_dictionary	栖	栖	qi	qi1	0.08	0		0	content_single_char_fallback	single_char	1837	common-standard-level-1+pinyin-data
base_dictionary	档	档	dang	dang4	0.08	0		0	content_single_char_fallback	single_char	1838	common-standard-level-1+pinyin-data
base_dictionary	桐	桐	tong	tong2	0.08	0		0	content_single_char_fallback	single_char	1839	common-standard-level-1+pinyin-data
base_dictionary	株	株	zhu	zhu1	0.08	0		0	content_single_char_fallback	single_char	1840	common-standard-level-1+pinyin-data
base_dictionary	桥	桥	qiao	qiao2	0.24	0		0	place_direction_single_char	single_char	1841	common-standard-level-1+pinyin-data
base_dictionary	桦	桦	hua	hua4	0.08	0		0	content_single_char_fallback	single_char	1842	common-standard-level-1+pinyin-data
base_dictionary	栓	栓	shuan	shuan1	0.08	0		0	content_single_char_fallback	single_char	1843	common-standard-level-1+pinyin-data
base_dictionary	桃	桃	tao	tao2	0.08	0		0	content_single_char_fallback	single_char	1844	common-standard-level-1+pinyin-data
base_dictionary	格	格	ge	ge2	0.08	0		0	content_single_char_fallback	single_char	1845	common-standard-level-1+pinyin-data
base_dictionary	桩	桩	zhuang	zhuang1	0.08	0		0	content_single_char_fallback	single_char	1846	common-standard-level-1+pinyin-data
base_dictionary	校	校	xiao	xiao4	0.08	0		0	content_single_char_fallback	single_char	1847	common-standard-level-1+pinyin-data
base_dictionary	核	核	he	he2	0.08	0		0	content_single_char_fallback	single_char	1848	common-standard-level-1+pinyin-data
base_dictionary	样	样	yang	yang4	0.08	0		0	content_single_char_fallback	single_char	1849	common-standard-level-1+pinyin-data
base_dictionary	根	根	gen	gen1	0.08	0		0	content_single_char_fallback	single_char	1850	common-standard-level-1+pinyin-data
base_dictionary	索	索	suo	suo3	0.08	0		0	content_single_char_fallback	single_char	1851	common-standard-level-1+pinyin-data
base_dictionary	哥	哥	ge	ge1	0.08	0		0	content_single_char_fallback	single_char	1852	common-standard-level-1+pinyin-data
base_dictionary	速	速	su	su4	0.08	0		0	content_single_char_fallback	single_char	1853	common-standard-level-1+pinyin-data
base_dictionary	逗	逗	dou	dou4	0.08	0		0	content_single_char_fallback	single_char	1854	common-standard-level-1+pinyin-data
base_dictionary	栗	栗	li	li4	0.08	0		0	content_single_char_fallback	single_char	1855	common-standard-level-1+pinyin-data
base_dictionary	贾	贾	jia	jia3	0.08	0		0	content_single_char_fallback	single_char	1856	common-standard-level-1+pinyin-data
base_dictionary	酌	酌	zhuo	zhuo2	0.08	0		0	content_single_char_fallback	single_char	1857	common-standard-level-1+pinyin-data
base_dictionary	配	配	pei	pei4	0.08	0		0	content_single_char_fallback	single_char	1858	common-standard-level-1+pinyin-data
base_dictionary	翅	翅	chi	chi4	0.08	0		0	content_single_char_fallback	single_char	1859	common-standard-level-1+pinyin-data
base_dictionary	辱	辱	ru	ru3	0.08	0		0	content_single_char_fallback	single_char	1860	common-standard-level-1+pinyin-data
base_dictionary	唇	唇	chun	chun2	0.08	0		0	content_single_char_fallback	single_char	1861	common-standard-level-1+pinyin-data
base_dictionary	夏	夏	xia	xia4	0.08	0		0	content_single_char_fallback	single_char	1862	common-standard-level-1+pinyin-data
base_dictionary	砸	砸	za	za2	0.08	0		0	content_single_char_fallback	single_char	1863	common-standard-level-1+pinyin-data
base_dictionary	砰	砰	peng	peng1	0.08	0		0	content_single_char_fallback	single_char	1864	common-standard-level-1+pinyin-data
base_dictionary	砾	砾	li	li4	0.08	0		0	content_single_char_fallback	single_char	1865	common-standard-level-1+pinyin-data
base_dictionary	础	础	chu	chu3	0.08	0		0	content_single_char_fallback	single_char	1866	common-standard-level-1+pinyin-data
base_dictionary	破	破	po	po4	0.08	0		0	content_single_char_fallback	single_char	1867	common-standard-level-1+pinyin-data
base_dictionary	原	原	yuan	yuan2	0.08	0		0	content_single_char_fallback	single_char	1868	common-standard-level-1+pinyin-data
base_dictionary	套	套	tao	tao4	0.08	0		0	content_single_char_fallback	single_char	1869	common-standard-level-1+pinyin-data
base_dictionary	逐	逐	zhu	zhu2	0.08	0		0	content_single_char_fallback	single_char	1870	common-standard-level-1+pinyin-data
base_dictionary	烈	烈	lie	lie4	0.08	0		0	content_single_char_fallback	single_char	1871	common-standard-level-1+pinyin-data
base_dictionary	殊	殊	shu	shu1	0.08	0		0	content_single_char_fallback	single_char	1872	common-standard-level-1+pinyin-data
base_dictionary	殉	殉	xun	xun4	0.08	0		0	content_single_char_fallback	single_char	1873	common-standard-level-1+pinyin-data
base_dictionary	顾	顾	gu	gu4	0.08	0		0	content_single_char_fallback	single_char	1874	common-standard-level-1+pinyin-data
base_dictionary	轿	轿	jiao	jiao4	0.08	0		0	content_single_char_fallback	single_char	1875	common-standard-level-1+pinyin-data
base_dictionary	较	较	jiao	jiao4	0.08	0		0	content_single_char_fallback	single_char	1876	common-standard-level-1+pinyin-data
base_dictionary	顿	顿	dun	dun4	0.08	0		0	content_single_char_fallback	single_char	1877	common-standard-level-1+pinyin-data
base_dictionary	毙	毙	bi	bi4	0.08	0		0	content_single_char_fallback	single_char	1878	common-standard-level-1+pinyin-data
base_dictionary	致	致	zhi	zhi4	0.08	0		0	content_single_char_fallback	single_char	1879	common-standard-level-1+pinyin-data
base_dictionary	柴	柴	chai	chai2	0.08	0		0	content_single_char_fallback	single_char	1880	common-standard-level-1+pinyin-data
base_dictionary	桌	桌	zhuo	zhuo1	0.14	0		0	service_content_single_char	single_char	1881	common-standard-level-1+pinyin-data
base_dictionary	虑	虑	lv	lv4	0.08	0		0	content_single_char_fallback	single_char	1882	common-standard-level-1+pinyin-data
base_dictionary	监	监	jian	jian1	0.08	0		0	content_single_char_fallback	single_char	1883	common-standard-level-1+pinyin-data
base_dictionary	紧	紧	jin	jin3	0.08	0		0	content_single_char_fallback	single_char	1884	common-standard-level-1+pinyin-data
base_dictionary	党	党	dang	dang3	0.08	0		0	content_single_char_fallback	single_char	1885	common-standard-level-1+pinyin-data
base_dictionary	逞	逞	cheng	cheng3	0.08	0		0	content_single_char_fallback	single_char	1886	common-standard-level-1+pinyin-data
base_dictionary	晒	晒	shai	shai4	0.08	0		0	content_single_char_fallback	single_char	1887	common-standard-level-1+pinyin-data
base_dictionary	眠	眠	mian	mian2	0.08	0		0	content_single_char_fallback	single_char	1888	common-standard-level-1+pinyin-data
base_dictionary	晓	晓	xiao	xiao3	0.08	0		0	content_single_char_fallback	single_char	1889	common-standard-level-1+pinyin-data
base_dictionary	哮	哮	xiao	xiao1	0.08	0		0	content_single_char_fallback	single_char	1890	common-standard-level-1+pinyin-data
base_dictionary	唠	唠	lao	lao2	0.08	0		0	content_single_char_fallback	single_char	1891	common-standard-level-1+pinyin-data
base_dictionary	鸭	鸭	ya	ya1	0.08	0		0	content_single_char_fallback	single_char	1892	common-standard-level-1+pinyin-data
base_dictionary	晃	晃	huang	huang3	0.08	0		0	content_single_char_fallback	single_char	1893	common-standard-level-1+pinyin-data
base_dictionary	哺	哺	bu	bu3	0.08	0		0	content_single_char_fallback	single_char	1894	common-standard-level-1+pinyin-data
base_dictionary	晌	晌	shang	shang3	0.08	0		0	content_single_char_fallback	single_char	1895	common-standard-level-1+pinyin-data
base_dictionary	剔	剔	ti	ti1	0.08	0		0	content_single_char_fallback	single_char	1896	common-standard-level-1+pinyin-data
base_dictionary	晕	晕	yun	yun1	0.08	0		0	content_single_char_fallback	single_char	1897	common-standard-level-1+pinyin-data
base_dictionary	蚌	蚌	bang	bang4	0.08	0		0	content_single_char_fallback	single_char	1898	common-standard-level-1+pinyin-data
base_dictionary	畔	畔	pan	pan4	0.08	0		0	content_single_char_fallback	single_char	1899	common-standard-level-1+pinyin-data
base_dictionary	蚣	蚣	gong	gong1	0.08	0		0	content_single_char_fallback	single_char	1900	common-standard-level-1+pinyin-data
base_dictionary	蚊	蚊	wen	wen2	0.08	0		0	content_single_char_fallback	single_char	1901	common-standard-level-1+pinyin-data
base_dictionary	蚪	蚪	dou	dou3	0.08	0		0	content_single_char_fallback	single_char	1902	common-standard-level-1+pinyin-data
base_dictionary	蚓	蚓	yin	yin3	0.08	0		0	content_single_char_fallback	single_char	1903	common-standard-level-1+pinyin-data
base_dictionary	哨	哨	shao	shao4	0.08	0		0	content_single_char_fallback	single_char	1904	common-standard-level-1+pinyin-data
base_dictionary	哩	哩	li	li1	0.08	0		0	content_single_char_fallback	single_char	1905	common-standard-level-1+pinyin-data
base_dictionary	圃	圃	pu	pu3	0.08	0		0	content_single_char_fallback	single_char	1906	common-standard-level-1+pinyin-data
base_dictionary	哭	哭	ku	ku1	0.08	0		0	content_single_char_fallback	single_char	1907	common-standard-level-1+pinyin-data
base_dictionary	哦	哦	o	o2	0.08	0		0	content_single_char_fallback	single_char	1908	common-standard-level-1+pinyin-data
base_dictionary	恩	恩	en	en1	0.08	0		0	content_single_char_fallback	single_char	1909	common-standard-level-1+pinyin-data
base_dictionary	鸯	鸯	yang	yang1	0.08	0		0	content_single_char_fallback	single_char	1910	common-standard-level-1+pinyin-data
base_dictionary	唤	唤	huan	huan4	0.08	0		0	content_single_char_fallback	single_char	1911	common-standard-level-1+pinyin-data
base_dictionary	唁	唁	yan	yan4	0.08	0		0	content_single_char_fallback	single_char	1912	common-standard-level-1+pinyin-data
base_dictionary	哼	哼	heng	heng1	0.08	0		0	content_single_char_fallback	single_char	1913	common-standard-level-1+pinyin-data
base_dictionary	唧	唧	ji	ji1	0.08	0		0	content_single_char_fallback	single_char	1914	common-standard-level-1+pinyin-data
base_dictionary	啊	啊	a	a	0.30	0		0	function_single_char	single_char	1915	common-standard-level-1+pinyin-data
base_dictionary	唉	唉	ai	ai1	0.08	0		0	content_single_char_fallback	single_char	1916	common-standard-level-1+pinyin-data
base_dictionary	唆	唆	suo	suo1	0.08	0		0	content_single_char_fallback	single_char	1917	common-standard-level-1+pinyin-data
base_dictionary	罢	罢	ba	ba4	0.08	0		0	content_single_char_fallback	single_char	1918	common-standard-level-1+pinyin-data
base_dictionary	峭	峭	qiao	qiao4	0.08	0		0	content_single_char_fallback	single_char	1919	common-standard-level-1+pinyin-data
base_dictionary	峨	峨	e	e2	0.08	0		0	content_single_char_fallback	single_char	1920	common-standard-level-1+pinyin-data
base_dictionary	峰	峰	feng	feng1	0.08	0		0	content_single_char_fallback	single_char	1921	common-standard-level-1+pinyin-data
base_dictionary	圆	圆	yuan	yuan2	0.08	0		0	content_single_char_fallback	single_char	1922	common-standard-level-1+pinyin-data
base_dictionary	峻	峻	jun	jun4	0.08	0		0	content_single_char_fallback	single_char	1923	common-standard-level-1+pinyin-data
base_dictionary	贼	贼	zei	zei2	0.08	0		0	content_single_char_fallback	single_char	1924	common-standard-level-1+pinyin-data
base_dictionary	贿	贿	hui	hui4	0.08	0		0	content_single_char_fallback	single_char	1925	common-standard-level-1+pinyin-data
base_dictionary	赂	赂	lu	lu4	0.08	0		0	content_single_char_fallback	single_char	1926	common-standard-level-1+pinyin-data
base_dictionary	赃	赃	zang	zang1	0.08	0		0	content_single_char_fallback	single_char	1927	common-standard-level-1+pinyin-data
base_dictionary	钱	钱	qian	qian2	0.14	0		0	service_content_single_char	single_char	1928	common-standard-level-1+pinyin-data
base_dictionary	钳	钳	qian	qian2	0.08	0		0	content_single_char_fallback	single_char	1929	common-standard-level-1+pinyin-data
base_dictionary	钻	钻	zuan	zuan1	0.08	0		0	content_single_char_fallback	single_char	1930	common-standard-level-1+pinyin-data
base_dictionary	钾	钾	jia	jia3	0.08	0		0	content_single_char_fallback	single_char	1931	common-standard-level-1+pinyin-data
base_dictionary	铁	铁	tie	tie3	0.08	0		0	content_single_char_fallback	single_char	1932	common-standard-level-1+pinyin-data
base_dictionary	铃	铃	ling	ling2	0.08	0		0	content_single_char_fallback	single_char	1933	common-standard-level-1+pinyin-data
base_dictionary	铅	铅	qian	qian1	0.08	0		0	content_single_char_fallback	single_char	1934	common-standard-level-1+pinyin-data
base_dictionary	缺	缺	que	que1	0.08	0		0	content_single_char_fallback	single_char	1935	common-standard-level-1+pinyin-data
base_dictionary	氧	氧	yang	yang3	0.08	0		0	content_single_char_fallback	single_char	1936	common-standard-level-1+pinyin-data
base_dictionary	氨	氨	an	an1	0.08	0		0	content_single_char_fallback	single_char	1937	common-standard-level-1+pinyin-data
base_dictionary	特	特	te	te4	0.08	0		0	content_single_char_fallback	single_char	1938	common-standard-level-1+pinyin-data
base_dictionary	牺	牺	xi	xi1	0.08	0		0	content_single_char_fallback	single_char	1939	common-standard-level-1+pinyin-data
base_dictionary	造	造	zao	zao4	0.08	0		0	content_single_char_fallback	single_char	1940	common-standard-level-1+pinyin-data
base_dictionary	乘	乘	cheng	cheng2	0.08	0		0	content_single_char_fallback	single_char	1941	common-standard-level-1+pinyin-data
base_dictionary	敌	敌	di	di2	0.08	0		0	content_single_char_fallback	single_char	1942	common-standard-level-1+pinyin-data
base_dictionary	秤	秤	cheng	cheng4	0.08	0		0	content_single_char_fallback	single_char	1943	common-standard-level-1+pinyin-data
base_dictionary	租	租	zu	zu1	0.08	0		0	content_single_char_fallback	single_char	1944	common-standard-level-1+pinyin-data
base_dictionary	积	积	ji	ji1	0.08	0		0	content_single_char_fallback	single_char	1945	common-standard-level-1+pinyin-data
base_dictionary	秧	秧	yang	yang1	0.08	0		0	content_single_char_fallback	single_char	1946	common-standard-level-1+pinyin-data
base_dictionary	秩	秩	zhi	zhi4	0.08	0		0	content_single_char_fallback	single_char	1947	common-standard-level-1+pinyin-data
base_dictionary	称	称	cheng	cheng1	0.08	0		0	content_single_char_fallback	single_char	1948	common-standard-level-1+pinyin-data
base_dictionary	秘	秘	mi	mi4	0.08	0		0	content_single_char_fallback	single_char	1949	common-standard-level-1+pinyin-data
base_dictionary	透	透	tou	tou4	0.08	0		0	content_single_char_fallback	single_char	1950	common-standard-level-1+pinyin-data
base_dictionary	笔	笔	bi	bi3	0.08	0		0	content_single_char_fallback	single_char	1951	common-standard-level-1+pinyin-data
base_dictionary	笑	笑	xiao	xiao4	0.08	0		0	content_single_char_fallback	single_char	1952	common-standard-level-1+pinyin-data
base_dictionary	笋	笋	sun	sun3	0.08	0		0	content_single_char_fallback	single_char	1953	common-standard-level-1+pinyin-data
base_dictionary	债	债	zhai	zhai4	0.08	0		0	content_single_char_fallback	single_char	1954	common-standard-level-1+pinyin-data
base_dictionary	借	借	jie	jie4	0.08	0		0	content_single_char_fallback	single_char	1955	common-standard-level-1+pinyin-data
base_dictionary	值	值	zhi	zhi2	0.08	0		0	content_single_char_fallback	single_char	1956	common-standard-level-1+pinyin-data
base_dictionary	倚	倚	yi	yi3	0.08	0		0	content_single_char_fallback	single_char	1957	common-standard-level-1+pinyin-data
base_dictionary	俺	俺	an	an3	0.08	0		0	content_single_char_fallback	single_char	1958	common-standard-level-1+pinyin-data
base_dictionary	倾	倾	qing	qing1	0.08	0		0	content_single_char_fallback	single_char	1959	common-standard-level-1+pinyin-data
base_dictionary	倒	倒	dao	dao4	0.08	0		0	content_single_char_fallback	single_char	1960	common-standard-level-1+pinyin-data
base_dictionary	倘	倘	tang	tang3	0.08	0		0	content_single_char_fallback	single_char	1961	common-standard-level-1+pinyin-data
base_dictionary	俱	俱	ju	ju4	0.08	0		0	content_single_char_fallback	single_char	1962	common-standard-level-1+pinyin-data
base_dictionary	倡	倡	chang	chang4	0.08	0		0	content_single_char_fallback	single_char	1963	common-standard-level-1+pinyin-data
base_dictionary	候	候	hou	hou4	0.08	0		0	content_single_char_fallback	single_char	1964	common-standard-level-1+pinyin-data
base_dictionary	赁	赁	lin	lin4	0.08	0		0	content_single_char_fallback	single_char	1965	common-standard-level-1+pinyin-data
base_dictionary	俯	俯	fu	fu3	0.08	0		0	content_single_char_fallback	single_char	1966	common-standard-level-1+pinyin-data
base_dictionary	倍	倍	bei	bei4	0.08	0		0	content_single_char_fallback	single_char	1967	common-standard-level-1+pinyin-data
base_dictionary	倦	倦	juan	juan4	0.08	0		0	content_single_char_fallback	single_char	1968	common-standard-level-1+pinyin-data
base_dictionary	健	健	jian	jian4	0.08	0		0	content_single_char_fallback	single_char	1969	common-standard-level-1+pinyin-data
base_dictionary	臭	臭	chou	chou4	0.08	0		0	content_single_char_fallback	single_char	1970	common-standard-level-1+pinyin-data
base_dictionary	射	射	she	she4	0.08	0		0	content_single_char_fallback	single_char	1971	common-standard-level-1+pinyin-data
base_dictionary	躬	躬	gong	gong1	0.08	0		0	content_single_char_fallback	single_char	1972	common-standard-level-1+pinyin-data
base_dictionary	息	息	xi	xi1	0.08	0		0	content_single_char_fallback	single_char	1973	common-standard-level-1+pinyin-data
base_dictionary	倔	倔	jue	jue2	0.08	0		0	content_single_char_fallback	single_char	1974	common-standard-level-1+pinyin-data
base_dictionary	徒	徒	tu	tu2	0.08	0		0	content_single_char_fallback	single_char	1975	common-standard-level-1+pinyin-data
base_dictionary	徐	徐	xu	xu2	0.08	0		0	content_single_char_fallback	single_char	1976	common-standard-level-1+pinyin-data
base_dictionary	殷	殷	yin	yin1	0.08	0		0	content_single_char_fallback	single_char	1977	common-standard-level-1+pinyin-data
base_dictionary	舰	舰	jian	jian4	0.08	0		0	content_single_char_fallback	single_char	1978	common-standard-level-1+pinyin-data
base_dictionary	舱	舱	cang	cang1	0.08	0		0	content_single_char_fallback	single_char	1979	common-standard-level-1+pinyin-data
base_dictionary	般	般	ban	ban1	0.08	0		0	content_single_char_fallback	single_char	1980	common-standard-level-1+pinyin-data
base_dictionary	航	航	hang	hang2	0.08	0		0	content_single_char_fallback	single_char	1981	common-standard-level-1+pinyin-data
base_dictionary	途	途	tu	tu2	0.08	0		0	content_single_char_fallback	single_char	1982	common-standard-level-1+pinyin-data
base_dictionary	拿	拿	na	na2	0.30	0		0	function_single_char	single_char	1983	common-standard-level-1+pinyin-data
base_dictionary	耸	耸	song	song3	0.08	0		0	content_single_char_fallback	single_char	1984	common-standard-level-1+pinyin-data
base_dictionary	爹	爹	die	die1	0.08	0		0	content_single_char_fallback	single_char	1985	common-standard-level-1+pinyin-data
base_dictionary	舀	舀	yao	yao3	0.08	0		0	content_single_char_fallback	single_char	1986	common-standard-level-1+pinyin-data
base_dictionary	爱	爱	ai	ai4	0.08	0		0	content_single_char_fallback	single_char	1987	common-standard-level-1+pinyin-data
base_dictionary	豺	豺	chai	chai2	0.08	0		0	content_single_char_fallback	single_char	1988	common-standard-level-1+pinyin-data
base_dictionary	豹	豹	bao	bao4	0.08	0		0	content_single_char_fallback	single_char	1989	common-standard-level-1+pinyin-data
base_dictionary	颁	颁	ban	ban1	0.08	0		0	content_single_char_fallback	single_char	1990	common-standard-level-1+pinyin-data
base_dictionary	颂	颂	song	song4	0.08	0		0	content_single_char_fallback	single_char	1991	common-standard-level-1+pinyin-data
base_dictionary	翁	翁	weng	weng1	0.08	0		0	content_single_char_fallback	single_char	1992	common-standard-level-1+pinyin-data
base_dictionary	胰	胰	yi	yi2	0.08	0		0	content_single_char_fallback	single_char	1993	common-standard-level-1+pinyin-data
base_dictionary	脆	脆	cui	cui4	0.08	0		0	content_single_char_fallback	single_char	1994	common-standard-level-1+pinyin-data
base_dictionary	脂	脂	zhi	zhi1	0.08	0		0	content_single_char_fallback	single_char	1995	common-standard-level-1+pinyin-data
base_dictionary	胸	胸	xiong	xiong1	0.08	0		0	content_single_char_fallback	single_char	1996	common-standard-level-1+pinyin-data
base_dictionary	胳	胳	ge	ge1	0.08	0		0	content_single_char_fallback	single_char	1997	common-standard-level-1+pinyin-data
base_dictionary	脏	脏	zang	zang4	0.08	0		0	content_single_char_fallback	single_char	1998	common-standard-level-1+pinyin-data
base_dictionary	脐	脐	qi	qi2	0.08	0		0	content_single_char_fallback	single_char	1999	common-standard-level-1+pinyin-data
base_dictionary	胶	胶	jiao	jiao1	0.08	0		0	content_single_char_fallback	single_char	2000	common-standard-level-1+pinyin-data
base_dictionary	脑	脑	nao	nao3	0.08	0		0	content_single_char_fallback	single_char	2001	common-standard-level-1+pinyin-data
base_dictionary	脓	脓	nong	nong2	0.08	0		0	content_single_char_fallback	single_char	2002	common-standard-level-1+pinyin-data
base_dictionary	逛	逛	guang	guang4	0.08	0		0	content_single_char_fallback	single_char	2003	common-standard-level-1+pinyin-data
base_dictionary	狸	狸	li	li2	0.08	0		0	content_single_char_fallback	single_char	2004	common-standard-level-1+pinyin-data
base_dictionary	狼	狼	lang	lang2	0.08	0		0	content_single_char_fallback	single_char	2005	common-standard-level-1+pinyin-data
base_dictionary	卿	卿	qing	qing1	0.08	0		0	content_single_char_fallback	single_char	2006	common-standard-level-1+pinyin-data
base_dictionary	逢	逢	feng	feng2	0.08	0		0	content_single_char_fallback	single_char	2007	common-standard-level-1+pinyin-data
base_dictionary	鸵	鸵	tuo	tuo2	0.08	0		0	content_single_char_fallback	single_char	2008	common-standard-level-1+pinyin-data
base_dictionary	留	留	liu	liu2	0.08	0		0	content_single_char_fallback	single_char	2009	common-standard-level-1+pinyin-data
base_dictionary	鸳	鸳	yuan	yuan1	0.08	0		0	content_single_char_fallback	single_char	2010	common-standard-level-1+pinyin-data
base_dictionary	皱	皱	zhou	zhou4	0.08	0		0	content_single_char_fallback	single_char	2011	common-standard-level-1+pinyin-data
base_dictionary	饿	饿	e	e4	0.08	0		0	content_single_char_fallback	single_char	2012	common-standard-level-1+pinyin-data
base_dictionary	馁	馁	nei	nei3	0.08	0		0	content_single_char_fallback	single_char	2013	common-standard-level-1+pinyin-data
base_dictionary	凌	凌	ling	ling2	0.08	0		0	content_single_char_fallback	single_char	2014	common-standard-level-1+pinyin-data
base_dictionary	凄	凄	qi	qi1	0.08	0		0	content_single_char_fallback	single_char	2015	common-standard-level-1+pinyin-data
base_dictionary	恋	恋	lian	lian4	0.08	0		0	content_single_char_fallback	single_char	2016	common-standard-level-1+pinyin-data
base_dictionary	桨	桨	jiang	jiang3	0.08	0		0	content_single_char_fallback	single_char	2017	common-standard-level-1+pinyin-data
base_dictionary	浆	浆	jiang	jiang1	0.08	0		0	content_single_char_fallback	single_char	2018	common-standard-level-1+pinyin-data
base_dictionary	衰	衰	shuai	shuai1	0.08	0		0	content_single_char_fallback	single_char	2019	common-standard-level-1+pinyin-data
base_dictionary	衷	衷	zhong	zhong1	0.08	0		0	content_single_char_fallback	single_char	2020	common-standard-level-1+pinyin-data
base_dictionary	高	高	gao	gao1	0.08	0		0	content_single_char_fallback	single_char	2021	common-standard-level-1+pinyin-data
base_dictionary	郭	郭	guo	guo1	0.08	0		0	content_single_char_fallback	single_char	2022	common-standard-level-1+pinyin-data
base_dictionary	席	席	xi	xi2	0.08	0		0	content_single_char_fallback	single_char	2023	common-standard-level-1+pinyin-data
base_dictionary	准	准	zhun	zhun3	0.08	0		0	content_single_char_fallback	single_char	2024	common-standard-level-1+pinyin-data
base_dictionary	座	座	zuo	zuo4	0.22	0		0	measure_single_char	single_char	2025	common-standard-level-1+pinyin-data
base_dictionary	症	症	zheng	zheng4	0.08	0		0	content_single_char_fallback	single_char	2026	common-standard-level-1+pinyin-data
base_dictionary	病	病	bing	bing4	0.14	0		0	service_content_single_char	single_char	2027	common-standard-level-1+pinyin-data
base_dictionary	疾	疾	ji	ji2	0.08	0		0	content_single_char_fallback	single_char	2028	common-standard-level-1+pinyin-data
base_dictionary	斋	斋	zhai	zhai1	0.08	0		0	content_single_char_fallback	single_char	2029	common-standard-level-1+pinyin-data
base_dictionary	疹	疹	zhen	zhen3	0.08	0		0	content_single_char_fallback	single_char	2030	common-standard-level-1+pinyin-data
base_dictionary	疼	疼	teng	teng2	0.14	0		0	service_content_single_char	single_char	2031	common-standard-level-1+pinyin-data
base_dictionary	疲	疲	pi	pi2	0.08	0		0	content_single_char_fallback	single_char	2032	common-standard-level-1+pinyin-data
base_dictionary	脊	脊	ji	ji2	0.08	0		0	content_single_char_fallback	single_char	2033	common-standard-level-1+pinyin-data
base_dictionary	效	效	xiao	xiao4	0.08	0		0	content_single_char_fallback	single_char	2034	common-standard-level-1+pinyin-data
base_dictionary	离	离	li	li2	0.08	0		0	content_single_char_fallback	single_char	2035	common-standard-level-1+pinyin-data
base_dictionary	紊	紊	wen	wen3	0.08	0		0	content_single_char_fallback	single_char	2036	common-standard-level-1+pinyin-data
base_dictionary	唐	唐	tang	tang2	0.08	0		0	content_single_char_fallback	single_char	2037	common-standard-level-1+pinyin-data
base_dictionary	瓷	瓷	ci	ci2	0.08	0		0	content_single_char_fallback	single_char	2038	common-standard-level-1+pinyin-data
base_dictionary	资	资	zi	zi1	0.08	0		0	content_single_char_fallback	single_char	2039	common-standard-level-1+pinyin-data
base_dictionary	凉	凉	liang	liang2	0.08	0		0	content_single_char_fallback	single_char	2040	common-standard-level-1+pinyin-data
base_dictionary	站	站	zhan	zhan4	0.24	0		0	place_direction_single_char	single_char	2041	common-standard-level-1+pinyin-data
base_dictionary	剖	剖	pou	pou1	0.08	0		0	content_single_char_fallback	single_char	2042	common-standard-level-1+pinyin-data
base_dictionary	竞	竞	jing	jing4	0.08	0		0	content_single_char_fallback	single_char	2043	common-standard-level-1+pinyin-data
base_dictionary	部	部	bu	bu4	0.22	0		0	measure_single_char	single_char	2044	common-standard-level-1+pinyin-data
base_dictionary	旁	旁	pang	pang2	0.24	0		0	place_direction_single_char	single_char	2045	common-standard-level-1+pinyin-data
base_dictionary	旅	旅	lv	lv3	0.08	0		0	content_single_char_fallback	single_char	2046	common-standard-level-1+pinyin-data
base_dictionary	畜	畜	chu	chu4	0.08	0		0	content_single_char_fallback	single_char	2047	common-standard-level-1+pinyin-data
base_dictionary	阅	阅	yue	yue4	0.08	0		0	content_single_char_fallback	single_char	2048	common-standard-level-1+pinyin-data
base_dictionary	羞	羞	xiu	xiu1	0.08	0		0	content_single_char_fallback	single_char	2049	common-standard-level-1+pinyin-data
base_dictionary	羔	羔	gao	gao1	0.08	0		0	content_single_char_fallback	single_char	2050	common-standard-level-1+pinyin-data
base_dictionary	瓶	瓶	ping	ping2	0.22	0		0	measure_single_char	single_char	2051	common-standard-level-1+pinyin-data
base_dictionary	拳	拳	quan	quan2	0.08	0		0	content_single_char_fallback	single_char	2052	common-standard-level-1+pinyin-data
base_dictionary	粉	粉	fen	fen3	0.08	0		0	content_single_char_fallback	single_char	2053	common-standard-level-1+pinyin-data
base_dictionary	料	料	liao	liao4	0.08	0		0	content_single_char_fallback	single_char	2054	common-standard-level-1+pinyin-data
base_dictionary	益	益	yi	yi4	0.08	0		0	content_single_char_fallback	single_char	2055	common-standard-level-1+pinyin-data
base_dictionary	兼	兼	jian	jian1	0.08	0		0	content_single_char_fallback	single_char	2056	common-standard-level-1+pinyin-data
base_dictionary	烤	烤	kao	kao3	0.08	0		0	content_single_char_fallback	single_char	2057	common-standard-level-1+pinyin-data
base_dictionary	烘	烘	hong	hong1	0.08	0		0	content_single_char_fallback	single_char	2058	common-standard-level-1+pinyin-data
base_dictionary	烦	烦	fan	fan2	0.08	0		0	content_single_char_fallback	single_char	2059	common-standard-level-1+pinyin-data
base_dictionary	烧	烧	shao	shao1	0.08	0		0	content_single_char_fallback	single_char	2060	common-standard-level-1+pinyin-data
base_dictionary	烛	烛	zhu	zhu2	0.08	0		0	content_single_char_fallback	single_char	2061	common-standard-level-1+pinyin-data
base_dictionary	烟	烟	yan	yan1	0.08	0		0	content_single_char_fallback	single_char	2062	common-standard-level-1+pinyin-data
base_dictionary	烙	烙	lao	lao4	0.08	0		0	content_single_char_fallback	single_char	2063	common-standard-level-1+pinyin-data
base_dictionary	递	递	di	di4	0.08	0		0	content_single_char_fallback	single_char	2064	common-standard-level-1+pinyin-data
base_dictionary	涛	涛	tao	tao1	0.08	0		0	content_single_char_fallback	single_char	2065	common-standard-level-1+pinyin-data
base_dictionary	浙	浙	zhe	zhe4	0.08	0		0	content_single_char_fallback	single_char	2066	common-standard-level-1+pinyin-data
base_dictionary	涝	涝	lao	lao4	0.08	0		0	content_single_char_fallback	single_char	2067	common-standard-level-1+pinyin-data
base_dictionary	浦	浦	pu	pu3	0.08	0		0	content_single_char_fallback	single_char	2068	common-standard-level-1+pinyin-data
base_dictionary	酒	酒	jiu	jiu3	0.14	0		0	service_content_single_char	single_char	2069	common-standard-level-1+pinyin-data
base_dictionary	涉	涉	she	she4	0.08	0		0	content_single_char_fallback	single_char	2070	common-standard-level-1+pinyin-data
base_dictionary	消	消	xiao	xiao1	0.08	0		0	content_single_char_fallback	single_char	2071	common-standard-level-1+pinyin-data
base_dictionary	涡	涡	wo	wo1	0.08	0		0	content_single_char_fallback	single_char	2072	common-standard-level-1+pinyin-data
base_dictionary	浩	浩	hao	hao4	0.08	0		0	content_single_char_fallback	single_char	2073	common-standard-level-1+pinyin-data
base_dictionary	海	海	hai	hai3	0.14	0		0	service_content_single_char	single_char	2074	common-standard-level-1+pinyin-data
base_dictionary	涂	涂	tu	tu2	0.08	0		0	content_single_char_fallback	single_char	2075	common-standard-level-1+pinyin-data
base_dictionary	浴	浴	yu	yu4	0.08	0		0	content_single_char_fallback	single_char	2076	common-standard-level-1+pinyin-data
base_dictionary	浮	浮	fu	fu2	0.08	0		0	content_single_char_fallback	single_char	2077	common-standard-level-1+pinyin-data
base_dictionary	涣	涣	huan	huan4	0.08	0		0	content_single_char_fallback	single_char	2078	common-standard-level-1+pinyin-data
base_dictionary	涤	涤	di	di2	0.08	0		0	content_single_char_fallback	single_char	2079	common-standard-level-1+pinyin-data
base_dictionary	流	流	liu	liu2	0.08	0		0	content_single_char_fallback	single_char	2080	common-standard-level-1+pinyin-data
base_dictionary	润	润	run	run4	0.08	0		0	content_single_char_fallback	single_char	2081	common-standard-level-1+pinyin-data
base_dictionary	涧	涧	jian	jian4	0.08	0		0	content_single_char_fallback	single_char	2082	common-standard-level-1+pinyin-data
base_dictionary	涕	涕	ti	ti4	0.08	0		0	content_single_char_fallback	single_char	2083	common-standard-level-1+pinyin-data
base_dictionary	浪	浪	lang	lang4	0.08	0		0	content_single_char_fallback	single_char	2084	common-standard-level-1+pinyin-data
base_dictionary	浸	浸	jin	jin4	0.08	0		0	content_single_char_fallback	single_char	2085	common-standard-level-1+pinyin-data
base_dictionary	涨	涨	zhang	zhang3	0.08	0		0	content_single_char_fallback	single_char	2086	common-standard-level-1+pinyin-data
base_dictionary	烫	烫	tang	tang4	0.08	0		0	content_single_char_fallback	single_char	2087	common-standard-level-1+pinyin-data
base_dictionary	涩	涩	se	se4	0.08	0		0	content_single_char_fallback	single_char	2088	common-standard-level-1+pinyin-data
base_dictionary	涌	涌	yong	yong3	0.08	0		0	content_single_char_fallback	single_char	2089	common-standard-level-1+pinyin-data
base_dictionary	悖	悖	bei	bei4	0.08	0		0	content_single_char_fallback	single_char	2090	common-standard-level-1+pinyin-data
base_dictionary	悟	悟	wu	wu4	0.08	0		0	content_single_char_fallback	single_char	2091	common-standard-level-1+pinyin-data
base_dictionary	悄	悄	qiao	qiao1	0.08	0		0	content_single_char_fallback	single_char	2092	common-standard-level-1+pinyin-data
base_dictionary	悍	悍	han	han4	0.08	0		0	content_single_char_fallback	single_char	2093	common-standard-level-1+pinyin-data
base_dictionary	悔	悔	hui	hui3	0.08	0		0	content_single_char_fallback	single_char	2094	common-standard-level-1+pinyin-data
base_dictionary	悯	悯	min	min3	0.08	0		0	content_single_char_fallback	single_char	2095	common-standard-level-1+pinyin-data
base_dictionary	悦	悦	yue	yue4	0.08	0		0	content_single_char_fallback	single_char	2096	common-standard-level-1+pinyin-data
base_dictionary	害	害	hai	hai4	0.08	0		0	content_single_char_fallback	single_char	2097	common-standard-level-1+pinyin-data
base_dictionary	宽	宽	kuan	kuan1	0.08	0		0	content_single_char_fallback	single_char	2098	common-standard-level-1+pinyin-data
base_dictionary	家	家	jia	jia1	0.08	0		0	content_single_char_fallback	single_char	2099	common-standard-level-1+pinyin-data
base_dictionary	宵	宵	xiao	xiao1	0.08	0		0	content_single_char_fallback	single_char	2100	common-standard-level-1+pinyin-data
base_dictionary	宴	宴	yan	yan4	0.08	0		0	content_single_char_fallback	single_char	2101	common-standard-level-1+pinyin-data
base_dictionary	宾	宾	bin	bin1	0.08	0		0	content_single_char_fallback	single_char	2102	common-standard-level-1+pinyin-data
base_dictionary	窍	窍	qiao	qiao4	0.08	0		0	content_single_char_fallback	single_char	2103	common-standard-level-1+pinyin-data
base_dictionary	窄	窄	zhai	zhai3	0.08	0		0	content_single_char_fallback	single_char	2104	common-standard-level-1+pinyin-data
base_dictionary	容	容	rong	rong2	0.08	0		0	content_single_char_fallback	single_char	2105	common-standard-level-1+pinyin-data
base_dictionary	宰	宰	zai	zai3	0.08	0		0	content_single_char_fallback	single_char	2106	common-standard-level-1+pinyin-data
base_dictionary	案	案	an	an4	0.08	0		0	content_single_char_fallback	single_char	2107	common-standard-level-1+pinyin-data
base_dictionary	请	请	qing	qing3	0.30	0		0	function_single_char	single_char	2108	common-standard-level-1+pinyin-data
base_dictionary	朗	朗	lang	lang3	0.08	0		0	content_single_char_fallback	single_char	2109	common-standard-level-1+pinyin-data
base_dictionary	诸	诸	zhu	zhu1	0.08	0		0	content_single_char_fallback	single_char	2110	common-standard-level-1+pinyin-data
base_dictionary	诺	诺	nuo	nuo4	0.08	0		0	content_single_char_fallback	single_char	2111	common-standard-level-1+pinyin-data
base_dictionary	读	读	du	du2	0.08	0		0	content_single_char_fallback	single_char	2112	common-standard-level-1+pinyin-data
base_dictionary	扇	扇	shan	shan4	0.08	0		0	content_single_char_fallback	single_char	2113	common-standard-level-1+pinyin-data
base_dictionary	诽	诽	fei	fei3	0.08	0		0	content_single_char_fallback	single_char	2114	common-standard-level-1+pinyin-data
base_dictionary	袜	袜	wa	wa4	0.08	0		0	content_single_char_fallback	single_char	2115	common-standard-level-1+pinyin-data
base_dictionary	袖	袖	xiu	xiu4	0.08	0		0	content_single_char_fallback	single_char	2116	common-standard-level-1+pinyin-data
base_dictionary	袍	袍	pao	pao2	0.08	0		0	content_single_char_fallback	single_char	2117	common-standard-level-1+pinyin-data
base_dictionary	被	被	bei	bei4	0.30	0		0	function_single_char	single_char	2118	common-standard-level-1+pinyin-data
base_dictionary	祥	祥	xiang	xiang2	0.08	0		0	content_single_char_fallback	single_char	2119	common-standard-level-1+pinyin-data
base_dictionary	课	课	ke	ke4	0.08	0		0	content_single_char_fallback	single_char	2120	common-standard-level-1+pinyin-data
base_dictionary	冥	冥	ming	ming2	0.08	0		0	content_single_char_fallback	single_char	2121	common-standard-level-1+pinyin-data
base_dictionary	谁	谁	shui	shui2	0.30	0		0	function_single_char	single_char	2122	common-standard-level-1+pinyin-data
base_dictionary	调	调	diao	diao4	0.08	0		0	content_single_char_fallback	single_char	2123	common-standard-level-1+pinyin-data
base_dictionary	冤	冤	yuan	yuan1	0.08	0		0	content_single_char_fallback	single_char	2124	common-standard-level-1+pinyin-data
base_dictionary	谅	谅	liang	liang4	0.08	0		0	content_single_char_fallback	single_char	2125	common-standard-level-1+pinyin-data
base_dictionary	谆	谆	zhun	zhun1	0.08	0		0	content_single_char_fallback	single_char	2126	common-standard-level-1+pinyin-data
base_dictionary	谈	谈	tan	tan2	0.08	0		0	content_single_char_fallback	single_char	2127	common-standard-level-1+pinyin-data
base_dictionary	谊	谊	yi	yi4	0.08	0		0	content_single_char_fallback	single_char	2128	common-standard-level-1+pinyin-data
base_dictionary	剥	剥	bo	bo1	0.08	0		0	content_single_char_fallback	single_char	2129	common-standard-level-1+pinyin-data
base_dictionary	恳	恳	ken	ken3	0.08	0		0	content_single_char_fallback	single_char	2130	common-standard-level-1+pinyin-data
base_dictionary	展	展	zhan	zhan3	0.08	0		0	content_single_char_fallback	single_char	2131	common-standard-level-1+pinyin-data
base_dictionary	剧	剧	ju	ju4	0.08	0		0	content_single_char_fallback	single_char	2132	common-standard-level-1+pinyin-data
base_dictionary	屑	屑	xie	xie4	0.08	0		0	content_single_char_fallback	single_char	2133	common-standard-level-1+pinyin-data
base_dictionary	弱	弱	ruo	ruo4	0.08	0		0	content_single_char_fallback	single_char	2134	common-standard-level-1+pinyin-data
base_dictionary	陵	陵	ling	ling2	0.08	0		0	content_single_char_fallback	single_char	2135	common-standard-level-1+pinyin-data
base_dictionary	祟	祟	sui	sui4	0.08	0		0	content_single_char_fallback	single_char	2136	common-standard-level-1+pinyin-data
base_dictionary	陶	陶	tao	tao2	0.08	0		0	content_single_char_fallback	single_char	2137	common-standard-level-1+pinyin-data
base_dictionary	陷	陷	xian	xian4	0.08	0		0	content_single_char_fallback	single_char	2138	common-standard-level-1+pinyin-data
base_dictionary	陪	陪	pei	pei2	0.08	0		0	content_single_char_fallback	single_char	2139	common-standard-level-1+pinyin-data
base_dictionary	娱	娱	yu	yu2	0.08	0		0	content_single_char_fallback	single_char	2140	common-standard-level-1+pinyin-data
base_dictionary	娟	娟	juan	juan1	0.08	0		0	content_single_char_fallback	single_char	2141	common-standard-level-1+pinyin-data
base_dictionary	恕	恕	shu	shu4	0.08	0		0	content_single_char_fallback	single_char	2142	common-standard-level-1+pinyin-data
base_dictionary	娥	娥	e	e2	0.08	0		0	content_single_char_fallback	single_char	2143	common-standard-level-1+pinyin-data
base_dictionary	娘	娘	niang	niang2	0.08	0		0	content_single_char_fallback	single_char	2144	common-standard-level-1+pinyin-data
base_dictionary	通	通	tong	tong1	0.08	0		0	content_single_char_fallback	single_char	2145	common-standard-level-1+pinyin-data
base_dictionary	能	能	neng	neng2	0.30	0		0	function_single_char	single_char	2146	common-standard-level-1+pinyin-data
base_dictionary	难	难	nan	nan2	0.08	0		0	content_single_char_fallback	single_char	2147	common-standard-level-1+pinyin-data
base_dictionary	预	预	yu	yu4	0.08	0		0	content_single_char_fallback	single_char	2148	common-standard-level-1+pinyin-data
base_dictionary	桑	桑	sang	sang1	0.08	0		0	content_single_char_fallback	single_char	2149	common-standard-level-1+pinyin-data
base_dictionary	绢	绢	juan	juan4	0.08	0		0	content_single_char_fallback	single_char	2150	common-standard-level-1+pinyin-data
base_dictionary	绣	绣	xiu	xiu4	0.08	0		0	content_single_char_fallback	single_char	2151	common-standard-level-1+pinyin-data
base_dictionary	验	验	yan	yan4	0.08	0		0	content_single_char_fallback	single_char	2152	common-standard-level-1+pinyin-data
base_dictionary	继	继	ji	ji4	0.08	0		0	content_single_char_fallback	single_char	2153	common-standard-level-1+pinyin-data
base_dictionary	骏	骏	jun	jun4	0.08	0		0	content_single_char_fallback	single_char	2154	common-standard-level-1+pinyin-data
base_dictionary	球	球	qiu	qiu2	0.08	0		0	content_single_char_fallback	single_char	2155	common-standard-level-1+pinyin-data
base_dictionary	琐	琐	suo	suo3	0.08	0		0	content_single_char_fallback	single_char	2156	common-standard-level-1+pinyin-data
base_dictionary	理	理	li	li3	0.08	0		0	content_single_char_fallback	single_char	2157	common-standard-level-1+pinyin-data
base_dictionary	琉	琉	liu	liu2	0.08	0		0	content_single_char_fallback	single_char	2158	common-standard-level-1+pinyin-data
base_dictionary	琅	琅	lang	lang2	0.08	0		0	content_single_char_fallback	single_char	2159	common-standard-level-1+pinyin-data
base_dictionary	捧	捧	peng	peng3	0.08	0		0	content_single_char_fallback	single_char	2160	common-standard-level-1+pinyin-data
base_dictionary	堵	堵	du	du3	0.08	0		0	content_single_char_fallback	single_char	2161	common-standard-level-1+pinyin-data
base_dictionary	措	措	cuo	cuo4	0.08	0		0	content_single_char_fallback	single_char	2162	common-standard-level-1+pinyin-data
base_dictionary	描	描	miao	miao2	0.08	0		0	content_single_char_fallback	single_char	2163	common-standard-level-1+pinyin-data
base_dictionary	域	域	yu	yu4	0.08	0		0	content_single_char_fallback	single_char	2164	common-standard-level-1+pinyin-data
base_dictionary	捺	捺	na	na4	0.08	0		0	content_single_char_fallback	single_char	2165	common-standard-level-1+pinyin-data
base_dictionary	掩	掩	yan	yan3	0.08	0		0	content_single_char_fallback	single_char	2166	common-standard-level-1+pinyin-data
base_dictionary	捷	捷	jie	jie2	0.08	0		0	content_single_char_fallback	single_char	2167	common-standard-level-1+pinyin-data
base_dictionary	排	排	pai	pai2	0.08	0		0	content_single_char_fallback	single_char	2168	common-standard-level-1+pinyin-data
base_dictionary	焉	焉	yan	yan1	0.08	0		0	content_single_char_fallback	single_char	2169	common-standard-level-1+pinyin-data
base_dictionary	掉	掉	diao	diao4	0.08	0		0	content_single_char_fallback	single_char	2170	common-standard-level-1+pinyin-data
base_dictionary	捶	捶	chui	chui2	0.08	0		0	content_single_char_fallback	single_char	2171	common-standard-level-1+pinyin-data
base_dictionary	赦	赦	she	she4	0.08	0		0	content_single_char_fallback	single_char	2172	common-standard-level-1+pinyin-data
base_dictionary	堆	堆	dui	dui1	0.08	0		0	content_single_char_fallback	single_char	2173	common-standard-level-1+pinyin-data
base_dictionary	推	推	tui	tui1	0.08	0		0	content_single_char_fallback	single_char	2174	common-standard-level-1+pinyin-data
base_dictionary	埠	埠	bu	bu4	0.08	0		0	content_single_char_fallback	single_char	2175	common-standard-level-1+pinyin-data
base_dictionary	掀	掀	xian	xian1	0.08	0		0	content_single_char_fallback	single_char	2176	common-standard-level-1+pinyin-data
base_dictionary	授	授	shou	shou4	0.08	0		0	content_single_char_fallback	single_char	2177	common-standard-level-1+pinyin-data
base_dictionary	捻	捻	nian	nian3	0.08	0		0	content_single_char_fallback	single_char	2178	common-standard-level-1+pinyin-data
base_dictionary	教	教	jiao	jiao4	0.08	0		0	content_single_char_fallback	single_char	2179	common-standard-level-1+pinyin-data
base_dictionary	掏	掏	tao	tao1	0.08	0		0	content_single_char_fallback	single_char	2180	common-standard-level-1+pinyin-data
base_dictionary	掐	掐	qia	qia1	0.08	0		0	content_single_char_fallback	single_char	2181	common-standard-level-1+pinyin-data
base_dictionary	掠	掠	lve	lve4	0.08	0		0	content_single_char_fallback	single_char	2182	common-standard-level-1+pinyin-data
base_dictionary	掂	掂	dian	dian1	0.08	0		0	content_single_char_fallback	single_char	2183	common-standard-level-1+pinyin-data
base_dictionary	培	培	pei	pei2	0.08	0		0	content_single_char_fallback	single_char	2184	common-standard-level-1+pinyin-data
base_dictionary	接	接	jie	jie1	0.08	0		0	content_single_char_fallback	single_char	2185	common-standard-level-1+pinyin-data
base_dictionary	掷	掷	zhi	zhi4	0.08	0		0	content_single_char_fallback	single_char	2186	common-standard-level-1+pinyin-data
base_dictionary	控	控	kong	kong4	0.08	0		0	content_single_char_fallback	single_char	2187	common-standard-level-1+pinyin-data
base_dictionary	探	探	tan	tan4	0.08	0		0	content_single_char_fallback	single_char	2188	common-standard-level-1+pinyin-data
base_dictionary	据	据	ju	ju4	0.08	0		0	content_single_char_fallback	single_char	2189	common-standard-level-1+pinyin-data
base_dictionary	掘	掘	jue	jue2	0.08	0		0	content_single_char_fallback	single_char	2190	common-standard-level-1+pinyin-data
base_dictionary	掺	掺	can	can4	0.08	0		0	content_single_char_fallback	single_char	2191	common-standard-level-1+pinyin-data
base_dictionary	职	职	zhi	zhi2	0.08	0		0	content_single_char_fallback	single_char	2192	common-standard-level-1+pinyin-data
base_dictionary	基	基	ji	ji1	0.08	0		0	content_single_char_fallback	single_char	2193	common-standard-level-1+pinyin-data
base_dictionary	聆	聆	ling	ling2	0.08	0		0	content_single_char_fallback	single_char	2194	common-standard-level-1+pinyin-data
base_dictionary	勘	勘	kan	kan1	0.08	0		0	content_single_char_fallback	single_char	2195	common-standard-level-1+pinyin-data
base_dictionary	聊	聊	liao	liao2	0.08	0		0	content_single_char_fallback	single_char	2196	common-standard-level-1+pinyin-data
base_dictionary	娶	娶	qu	qu3	0.08	0		0	content_single_char_fallback	single_char	2197	common-standard-level-1+pinyin-data
base_dictionary	著	著	zhu	zhu4	0.08	0		0	content_single_char_fallback	single_char	2198	common-standard-level-1+pinyin-data
base_dictionary	菱	菱	ling	ling2	0.08	0		0	content_single_char_fallback	single_char	2199	common-standard-level-1+pinyin-data
base_dictionary	勒	勒	lei	lei1	0.08	0		0	content_single_char_fallback	single_char	2200	common-standard-level-1+pinyin-data
base_dictionary	黄	黄	huang	huang2	0.08	0		0	content_single_char_fallback	single_char	2201	common-standard-level-1+pinyin-data
base_dictionary	菲	菲	fei	fei1	0.08	0		0	content_single_char_fallback	single_char	2202	common-standard-level-1+pinyin-data
base_dictionary	萌	萌	meng	meng2	0.08	0		0	content_single_char_fallback	single_char	2203	common-standard-level-1+pinyin-data
base_dictionary	萝	萝	luo	luo2	0.08	0		0	content_single_char_fallback	single_char	2204	common-standard-level-1+pinyin-data
base_dictionary	菌	菌	jun	jun1	0.08	0		0	content_single_char_fallback	single_char	2205	common-standard-level-1+pinyin-data
base_dictionary	萎	萎	wei	wei1	0.08	0		0	content_single_char_fallback	single_char	2206	common-standard-level-1+pinyin-data
base_dictionary	菜	菜	cai	cai4	0.08	0		0	content_single_char_fallback	single_char	2207	common-standard-level-1+pinyin-data
base_dictionary	萄	萄	tao	tao2	0.08	0		0	content_single_char_fallback	single_char	2208	common-standard-level-1+pinyin-data
base_dictionary	菊	菊	ju	ju2	0.08	0		0	content_single_char_fallback	single_char	2209	common-standard-level-1+pinyin-data
base_dictionary	菩	菩	pu	pu2	0.08	0		0	content_single_char_fallback	single_char	2210	common-standard-level-1+pinyin-data
base_dictionary	萍	萍	ping	ping2	0.08	0		0	content_single_char_fallback	single_char	2211	common-standard-level-1+pinyin-data
base_dictionary	菠	菠	bo	bo1	0.08	0		0	content_single_char_fallback	single_char	2212	common-standard-level-1+pinyin-data
base_dictionary	萤	萤	ying	ying2	0.08	0		0	content_single_char_fallback	single_char	2213	common-standard-level-1+pinyin-data
base_dictionary	营	营	ying	ying2	0.08	0		0	content_single_char_fallback	single_char	2214	common-standard-level-1+pinyin-data
base_dictionary	乾	乾	qian	qian2	0.08	0		0	content_single_char_fallback	single_char	2215	common-standard-level-1+pinyin-data
base_dictionary	萧	萧	xiao	xiao1	0.08	0		0	content_single_char_fallback	single_char	2216	common-standard-level-1+pinyin-data
base_dictionary	萨	萨	sa	sa4	0.08	0		0	content_single_char_fallback	single_char	2217	common-standard-level-1+pinyin-data
base_dictionary	菇	菇	gu	gu1	0.08	0		0	content_single_char_fallback	single_char	2218	common-standard-level-1+pinyin-data
base_dictionary	械	械	xie	xie4	0.08	0		0	content_single_char_fallback	single_char	2219	common-standard-level-1+pinyin-data
base_dictionary	彬	彬	bin	bin1	0.08	0		0	content_single_char_fallback	single_char	2220	common-standard-level-1+pinyin-data
base_dictionary	梦	梦	meng	meng4	0.08	0		0	content_single_char_fallback	single_char	2221	common-standard-level-1+pinyin-data
base_dictionary	婪	婪	lan	lan2	0.08	0		0	content_single_char_fallback	single_char	2222	common-standard-level-1+pinyin-data
base_dictionary	梗	梗	geng	geng3	0.08	0		0	content_single_char_fallback	single_char	2223	common-standard-level-1+pinyin-data
base_dictionary	梧	梧	wu	wu2	0.08	0		0	content_single_char_fallback	single_char	2224	common-standard-level-1+pinyin-data
base_dictionary	梢	梢	shao	shao1	0.08	0		0	content_single_char_fallback	single_char	2225	common-standard-level-1+pinyin-data
base_dictionary	梅	梅	mei	mei2	0.08	0		0	content_single_char_fallback	single_char	2226	common-standard-level-1+pinyin-data
base_dictionary	检	检	jian	jian3	0.08	0		0	content_single_char_fallback	single_char	2227	common-standard-level-1+pinyin-data
base_dictionary	梳	梳	shu	shu1	0.08	0		0	content_single_char_fallback	single_char	2228	common-standard-level-1+pinyin-data
base_dictionary	梯	梯	ti	ti1	0.08	0		0	content_single_char_fallback	single_char	2229	common-standard-level-1+pinyin-data
base_dictionary	桶	桶	tong	tong3	0.08	0		0	content_single_char_fallback	single_char	2230	common-standard-level-1+pinyin-data
base_dictionary	梭	梭	suo	suo1	0.08	0		0	content_single_char_fallback	single_char	2231	common-standard-level-1+pinyin-data
base_dictionary	救	救	jiu	jiu4	0.08	0		0	content_single_char_fallback	single_char	2232	common-standard-level-1+pinyin-data
base_dictionary	曹	曹	cao	cao2	0.08	0		0	content_single_char_fallback	single_char	2233	common-standard-level-1+pinyin-data
base_dictionary	副	副	fu	fu4	0.08	0		0	content_single_char_fallback	single_char	2234	common-standard-level-1+pinyin-data
base_dictionary	票	票	piao	piao4	0.14	0		0	service_content_single_char	single_char	2235	common-standard-level-1+pinyin-data
base_dictionary	酝	酝	yun	yun4	0.08	0		0	content_single_char_fallback	single_char	2236	common-standard-level-1+pinyin-data
base_dictionary	酗	酗	xu	xu4	0.08	0		0	content_single_char_fallback	single_char	2237	common-standard-level-1+pinyin-data
base_dictionary	厢	厢	xiang	xiang1	0.08	0		0	content_single_char_fallback	single_char	2238	common-standard-level-1+pinyin-data
base_dictionary	戚	戚	qi	qi1	0.08	0		0	content_single_char_fallback	single_char	2239	common-standard-level-1+pinyin-data
base_dictionary	硅	硅	gui	gui1	0.08	0		0	content_single_char_fallback	single_char	2240	common-standard-level-1+pinyin-data
base_dictionary	硕	硕	shuo	shuo4	0.08	0		0	content_single_char_fallback	single_char	2241	common-standard-level-1+pinyin-data
base_dictionary	奢	奢	she	she1	0.08	0		0	content_single_char_fallback	single_char	2242	common-standard-level-1+pinyin-data
base_dictionary	盔	盔	kui	kui1	0.08	0		0	content_single_char_fallback	single_char	2243	common-standard-level-1+pinyin-data
base_dictionary	爽	爽	shuang	shuang3	0.08	0		0	content_single_char_fallback	single_char	2244	common-standard-level-1+pinyin-data
base_dictionary	聋	聋	long	long2	0.08	0		0	content_single_char_fallback	single_char	2245	common-standard-level-1+pinyin-data
base_dictionary	袭	袭	xi	xi2	0.08	0		0	content_single_char_fallback	single_char	2246	common-standard-level-1+pinyin-data
base_dictionary	盛	盛	sheng	sheng4	0.08	0		0	content_single_char_fallback	single_char	2247	common-standard-level-1+pinyin-data
base_dictionary	匾	匾	bian	bian3	0.08	0		0	content_single_char_fallback	single_char	2248	common-standard-level-1+pinyin-data
base_dictionary	雪	雪	xue	xue3	0.08	0		0	content_single_char_fallback	single_char	2249	common-standard-level-1+pinyin-data
base_dictionary	辅	辅	fu	fu3	0.08	0		0	content_single_char_fallback	single_char	2250	common-standard-level-1+pinyin-data
base_dictionary	辆	辆	liang	liang4	0.22	0		0	measure_single_char	single_char	2251	common-standard-level-1+pinyin-data
base_dictionary	颅	颅	lu	lu2	0.08	0		0	content_single_char_fallback	single_char	2252	common-standard-level-1+pinyin-data
base_dictionary	虚	虚	xu	xu1	0.08	0		0	content_single_char_fallback	single_char	2253	common-standard-level-1+pinyin-data
base_dictionary	彪	彪	biao	biao1	0.08	0		0	content_single_char_fallback	single_char	2254	common-standard-level-1+pinyin-data
base_dictionary	雀	雀	que	que4	0.08	0		0	content_single_char_fallback	single_char	2255	common-standard-level-1+pinyin-data
base_dictionary	堂	堂	tang	tang2	0.08	0		0	content_single_char_fallback	single_char	2256	common-standard-level-1+pinyin-data
base_dictionary	常	常	chang	chang2	0.08	0		0	content_single_char_fallback	single_char	2257	common-standard-level-1+pinyin-data
base_dictionary	眶	眶	kuang	kuang4	0.08	0		0	content_single_char_fallback	single_char	2258	common-standard-level-1+pinyin-data
base_dictionary	匙	匙	shi	shi	0.08	0		0	content_single_char_fallback	single_char	2259	common-standard-level-1+pinyin-data
base_dictionary	晨	晨	chen	chen2	0.08	0		0	content_single_char_fallback	single_char	2260	common-standard-level-1+pinyin-data
base_dictionary	睁	睁	zheng	zheng1	0.08	0		0	content_single_char_fallback	single_char	2261	common-standard-level-1+pinyin-data
base_dictionary	眯	眯	mi	mi1	0.08	0		0	content_single_char_fallback	single_char	2262	common-standard-level-1+pinyin-data
base_dictionary	眼	眼	yan	yan3	0.08	0		0	content_single_char_fallback	single_char	2263	common-standard-level-1+pinyin-data
base_dictionary	悬	悬	xuan	xuan2	0.08	0		0	content_single_char_fallback	single_char	2264	common-standard-level-1+pinyin-data
base_dictionary	野	野	ye	ye3	0.08	0		0	content_single_char_fallback	single_char	2265	common-standard-level-1+pinyin-data
base_dictionary	啪	啪	pa	pa1	0.08	0		0	content_single_char_fallback	single_char	2266	common-standard-level-1+pinyin-data
base_dictionary	啦	啦	la	la	0.08	0		0	content_single_char_fallback	single_char	2267	common-standard-level-1+pinyin-data
base_dictionary	曼	曼	man	man4	0.08	0		0	content_single_char_fallback	single_char	2268	common-standard-level-1+pinyin-data
base_dictionary	晦	晦	hui	hui4	0.08	0		0	content_single_char_fallback	single_char	2269	common-standard-level-1+pinyin-data
base_dictionary	晚	晚	wan	wan3	0.26	0		0	time_single_char	single_char	2270	common-standard-level-1+pinyin-data
base_dictionary	啄	啄	zhuo	zhuo2	0.08	0		0	content_single_char_fallback	single_char	2271	common-standard-level-1+pinyin-data
base_dictionary	啡	啡	fei	fei1	0.08	0		0	content_single_char_fallback	single_char	2272	common-standard-level-1+pinyin-data
base_dictionary	距	距	ju	ju4	0.08	0		0	content_single_char_fallback	single_char	2273	common-standard-level-1+pinyin-data
base_dictionary	趾	趾	zhi	zhi3	0.08	0		0	content_single_char_fallback	single_char	2274	common-standard-level-1+pinyin-data
base_dictionary	啃	啃	ken	ken3	0.08	0		0	content_single_char_fallback	single_char	2275	common-standard-level-1+pinyin-data
base_dictionary	跃	跃	yue	yue4	0.08	0		0	content_single_char_fallback	single_char	2276	common-standard-level-1+pinyin-data
base_dictionary	略	略	lve	lve4	0.08	0		0	content_single_char_fallback	single_char	2277	common-standard-level-1+pinyin-data
base_dictionary	蚯	蚯	qiu	qiu1	0.08	0		0	content_single_char_fallback	single_char	2278	common-standard-level-1+pinyin-data
base_dictionary	蛀	蛀	zhu	zhu4	0.08	0		0	content_single_char_fallback	single_char	2279	common-standard-level-1+pinyin-data
base_dictionary	蛇	蛇	she	she2	0.08	0		0	content_single_char_fallback	single_char	2280	common-standard-level-1+pinyin-data
base_dictionary	唬	唬	hu	hu3	0.08	0		0	content_single_char_fallback	single_char	2281	common-standard-level-1+pinyin-data
base_dictionary	累	累	lei	lei4	0.08	0		0	content_single_char_fallback	single_char	2282	common-standard-level-1+pinyin-data
base_dictionary	鄂	鄂	e	e4	0.08	0		0	content_single_char_fallback	single_char	2283	common-standard-level-1+pinyin-data
base_dictionary	唱	唱	chang	chang4	0.08	0		0	content_single_char_fallback	single_char	2284	common-standard-level-1+pinyin-data
base_dictionary	患	患	huan	huan4	0.08	0		0	content_single_char_fallback	single_char	2285	common-standard-level-1+pinyin-data
base_dictionary	啰	啰	luo	luo1	0.08	0		0	content_single_char_fallback	single_char	2286	common-standard-level-1+pinyin-data
base_dictionary	唾	唾	tuo	tuo4	0.08	0		0	content_single_char_fallback	single_char	2287	common-standard-level-1+pinyin-data
base_dictionary	唯	唯	wei	wei2	0.08	0		0	content_single_char_fallback	single_char	2288	common-standard-level-1+pinyin-data
base_dictionary	啤	啤	pi	pi2	0.08	0		0	content_single_char_fallback	single_char	2289	common-standard-level-1+pinyin-data
base_dictionary	啥	啥	sha	sha2	0.30	0		0	function_single_char	single_char	2290	common-standard-level-1+pinyin-data
base_dictionary	啸	啸	xiao	xiao4	0.08	0		0	content_single_char_fallback	single_char	2291	common-standard-level-1+pinyin-data
base_dictionary	崖	崖	ya	ya2	0.08	0		0	content_single_char_fallback	single_char	2292	common-standard-level-1+pinyin-data
base_dictionary	崎	崎	qi	qi2	0.08	0		0	content_single_char_fallback	single_char	2293	common-standard-level-1+pinyin-data
base_dictionary	崭	崭	zhan	zhan3	0.08	0		0	content_single_char_fallback	single_char	2294	common-standard-level-1+pinyin-data
base_dictionary	逻	逻	luo	luo2	0.08	0		0	content_single_char_fallback	single_char	2295	common-standard-level-1+pinyin-data
base_dictionary	崔	崔	cui	cui1	0.08	0		0	content_single_char_fallback	single_char	2296	common-standard-level-1+pinyin-data
base_dictionary	帷	帷	wei	wei2	0.08	0		0	content_single_char_fallback	single_char	2297	common-standard-level-1+pinyin-data
base_dictionary	崩	崩	beng	beng1	0.08	0		0	content_single_char_fallback	single_char	2298	common-standard-level-1+pinyin-data
base_dictionary	崇	崇	chong	chong2	0.08	0		0	content_single_char_fallback	single_char	2299	common-standard-level-1+pinyin-data
base_dictionary	崛	崛	jue	jue2	0.08	0		0	content_single_char_fallback	single_char	2300	common-standard-level-1+pinyin-data
base_dictionary	婴	婴	ying	ying1	0.08	0		0	content_single_char_fallback	single_char	2301	common-standard-level-1+pinyin-data
base_dictionary	圈	圈	quan	quan1	0.08	0		0	content_single_char_fallback	single_char	2302	common-standard-level-1+pinyin-data
base_dictionary	铐	铐	kao	kao4	0.08	0		0	content_single_char_fallback	single_char	2303	common-standard-level-1+pinyin-data
base_dictionary	铛	铛	dang	dang1	0.08	0		0	content_single_char_fallback	single_char	2304	common-standard-level-1+pinyin-data
base_dictionary	铝	铝	lv	lv3	0.08	0		0	content_single_char_fallback	single_char	2305	common-standard-level-1+pinyin-data
base_dictionary	铜	铜	tong	tong2	0.08	0		0	content_single_char_fallback	single_char	2306	common-standard-level-1+pinyin-data
base_dictionary	铭	铭	ming	ming2	0.08	0		0	content_single_char_fallback	single_char	2307	common-standard-level-1+pinyin-data
base_dictionary	铲	铲	chan	chan3	0.08	0		0	content_single_char_fallback	single_char	2308	common-standard-level-1+pinyin-data
base_dictionary	银	银	yin	yin2	0.14	0		0	service_content_single_char	single_char	2309	common-standard-level-1+pinyin-data
base_dictionary	矫	矫	jiao	jiao3	0.08	0		0	content_single_char_fallback	single_char	2310	common-standard-level-1+pinyin-data
base_dictionary	甜	甜	tian	tian2	0.08	0		0	content_single_char_fallback	single_char	2311	common-standard-level-1+pinyin-data
base_dictionary	秸	秸	jie	jie1	0.08	0		0	content_single_char_fallback	single_char	2312	common-standard-level-1+pinyin-data
base_dictionary	梨	梨	li	li2	0.08	0		0	content_single_char_fallback	single_char	2313	common-standard-level-1+pinyin-data
base_dictionary	犁	犁	li	li2	0.08	0		0	content_single_char_fallback	single_char	2314	common-standard-level-1+pinyin-data
base_dictionary	秽	秽	hui	hui4	0.08	0		0	content_single_char_fallback	single_char	2315	common-standard-level-1+pinyin-data
base_dictionary	移	移	yi	yi2	0.08	0		0	content_single_char_fallback	single_char	2316	common-standard-level-1+pinyin-data
base_dictionary	笨	笨	ben	ben4	0.08	0		0	content_single_char_fallback	single_char	2317	common-standard-level-1+pinyin-data
base_dictionary	笼	笼	long	long2	0.08	0		0	content_single_char_fallback	single_char	2318	common-standard-level-1+pinyin-data
base_dictionary	笛	笛	di	di2	0.08	0		0	content_single_char_fallback	single_char	2319	common-standard-level-1+pinyin-data
base_dictionary	笙	笙	sheng	sheng1	0.08	0		0	content_single_char_fallback	single_char	2320	common-standard-level-1+pinyin-data
base_dictionary	符	符	fu	fu2	0.08	0		0	content_single_char_fallback	single_char	2321	common-standard-level-1+pinyin-data
base_dictionary	第	第	di	di4	0.08	0		0	content_single_char_fallback	single_char	2322	common-standard-level-1+pinyin-data
base_dictionary	敏	敏	min	min3	0.08	0		0	content_single_char_fallback	single_char	2323	common-standard-level-1+pinyin-data
base_dictionary	做	做	zuo	zuo4	0.30	0		0	function_single_char	single_char	2324	common-standard-level-1+pinyin-data
base_dictionary	袋	袋	dai	dai4	0.22	0		0	measure_single_char	single_char	2325	common-standard-level-1+pinyin-data
base_dictionary	悠	悠	you	you1	0.08	0		0	content_single_char_fallback	single_char	2326	common-standard-level-1+pinyin-data
base_dictionary	偿	偿	chang	chang2	0.08	0		0	content_single_char_fallback	single_char	2327	common-standard-level-1+pinyin-data
base_dictionary	偶	偶	ou	ou3	0.08	0		0	content_single_char_fallback	single_char	2328	common-standard-level-1+pinyin-data
base_dictionary	偎	偎	wei	wei1	0.08	0		0	content_single_char_fallback	single_char	2329	common-standard-level-1+pinyin-data
base_dictionary	偷	偷	tou	tou1	0.08	0		0	content_single_char_fallback	single_char	2330	common-standard-level-1+pinyin-data
base_dictionary	您	您	nin	nin2	0.08	0		0	content_single_char_fallback	single_char	2331	common-standard-level-1+pinyin-data
base_dictionary	售	售	shou	shou4	0.08	0		0	content_single_char_fallback	single_char	2332	common-standard-level-1+pinyin-data
base_dictionary	停	停	ting	ting2	0.08	0		0	content_single_char_fallback	single_char	2333	common-standard-level-1+pinyin-data
base_dictionary	偏	偏	pian	pian1	0.08	0		0	content_single_char_fallback	single_char	2334	common-standard-level-1+pinyin-data
base_dictionary	躯	躯	qu	qu1	0.08	0		0	content_single_char_fallback	single_char	2335	common-standard-level-1+pinyin-data
base_dictionary	兜	兜	dou	dou1	0.08	0		0	content_single_char_fallback	single_char	2336	common-standard-level-1+pinyin-data
base_dictionary	假	假	jia	jia3	0.08	0		0	content_single_char_fallback	single_char	2337	common-standard-level-1+pinyin-data
base_dictionary	衅	衅	xin	xin4	0.08	0		0	content_single_char_fallback	single_char	2338	common-standard-level-1+pinyin-data
base_dictionary	徘	徘	pai	pai2	0.08	0		0	content_single_char_fallback	single_char	2339	common-standard-level-1+pinyin-data
base_dictionary	徙	徙	xi	xi3	0.08	0		0	content_single_char_fallback	single_char	2340	common-standard-level-1+pinyin-data
base_dictionary	得	得	de	de2	0.08	0		0	content_single_char_fallback	single_char	2341	common-standard-level-1+pinyin-data
base_dictionary	衔	衔	xian	xian2	0.08	0		0	content_single_char_fallback	single_char	2342	common-standard-level-1+pinyin-data
base_dictionary	盘	盘	pan	pan2	0.22	0		0	measure_single_char	single_char	2343	common-standard-level-1+pinyin-data
base_dictionary	舶	舶	bo	bo2	0.08	0		0	content_single_char_fallback	single_char	2344	common-standard-level-1+pinyin-data
base_dictionary	船	船	chuan	chuan2	0.14	0		0	service_content_single_char	single_char	2345	common-standard-level-1+pinyin-data
base_dictionary	舵	舵	duo	duo4	0.08	0		0	content_single_char_fallback	single_char	2346	common-standard-level-1+pinyin-data
base_dictionary	斜	斜	xie	xie2	0.08	0		0	content_single_char_fallback	single_char	2347	common-standard-level-1+pinyin-data
base_dictionary	盒	盒	he	he2	0.22	0		0	measure_single_char	single_char	2348	common-standard-level-1+pinyin-data
base_dictionary	鸽	鸽	ge	ge1	0.08	0		0	content_single_char_fallback	single_char	2349	common-standard-level-1+pinyin-data
base_dictionary	敛	敛	lian	lian3	0.08	0		0	content_single_char_fallback	single_char	2350	common-standard-level-1+pinyin-data
base_dictionary	悉	悉	xi	xi1	0.08	0		0	content_single_char_fallback	single_char	2351	common-standard-level-1+pinyin-data
base_dictionary	欲	欲	yu	yu4	0.08	0		0	content_single_char_fallback	single_char	2352	common-standard-level-1+pinyin-data
base_dictionary	彩	彩	cai	cai3	0.08	0		0	content_single_char_fallback	single_char	2353	common-standard-level-1+pinyin-data
base_dictionary	领	领	ling	ling3	0.08	0		0	content_single_char_fallback	single_char	2354	common-standard-level-1+pinyin-data
base_dictionary	脚	脚	jiao	jiao3	0.08	0		0	content_single_char_fallback	single_char	2355	common-standard-level-1+pinyin-data
base_dictionary	脖	脖	bo	bo2	0.08	0		0	content_single_char_fallback	single_char	2356	common-standard-level-1+pinyin-data
base_dictionary	脯	脯	pu	pu2	0.08	0		0	content_single_char_fallback	single_char	2357	common-standard-level-1+pinyin-data
base_dictionary	豚	豚	tun	tun2	0.08	0		0	content_single_char_fallback	single_char	2358	common-standard-level-1+pinyin-data
base_dictionary	脸	脸	lian	lian3	0.08	0		0	content_single_char_fallback	single_char	2359	common-standard-level-1+pinyin-data
base_dictionary	脱	脱	tuo	tuo1	0.08	0		0	content_single_char_fallback	single_char	2360	common-standard-level-1+pinyin-data
base_dictionary	象	象	xiang	xiang4	0.08	0		0	content_single_char_fallback	single_char	2361	common-standard-level-1+pinyin-data
base_dictionary	够	够	gou	gou4	0.08	0		0	content_single_char_fallback	single_char	2362	common-standard-level-1+pinyin-data
base_dictionary	逸	逸	yi	yi4	0.08	0		0	content_single_char_fallback	single_char	2363	common-standard-level-1+pinyin-data
base_dictionary	猜	猜	cai	cai1	0.08	0		0	content_single_char_fallback	single_char	2364	common-standard-level-1+pinyin-data
base_dictionary	猪	猪	zhu	zhu1	0.08	0		0	content_single_char_fallback	single_char	2365	common-standard-level-1+pinyin-data
base_dictionary	猎	猎	lie	lie4	0.08	0		0	content_single_char_fallback	single_char	2366	common-standard-level-1+pinyin-data
base_dictionary	猫	猫	mao	mao1	0.08	0		0	content_single_char_fallback	single_char	2367	common-standard-level-1+pinyin-data
base_dictionary	凰	凰	huang	huang2	0.08	0		0	content_single_char_fallback	single_char	2368	common-standard-level-1+pinyin-data
base_dictionary	猖	猖	chang	chang1	0.08	0		0	content_single_char_fallback	single_char	2369	common-standard-level-1+pinyin-data
base_dictionary	猛	猛	meng	meng3	0.08	0		0	content_single_char_fallback	single_char	2370	common-standard-level-1+pinyin-data
base_dictionary	祭	祭	ji	ji4	0.08	0		0	content_single_char_fallback	single_char	2371	common-standard-level-1+pinyin-data
base_dictionary	馅	馅	xian	xian4	0.08	0		0	content_single_char_fallback	single_char	2372	common-standard-level-1+pinyin-data
base_dictionary	馆	馆	guan	guan3	0.08	0		0	content_single_char_fallback	single_char	2373	common-standard-level-1+pinyin-data
base_dictionary	凑	凑	cou	cou4	0.08	0		0	content_single_char_fallback	single_char	2374	common-standard-level-1+pinyin-data
base_dictionary	减	减	jian	jian3	0.08	0		0	content_single_char_fallback	single_char	2375	common-standard-level-1+pinyin-data
base_dictionary	毫	毫	hao	hao2	0.08	0		0	content_single_char_fallback	single_char	2376	common-standard-level-1+pinyin-data
base_dictionary	烹	烹	peng	peng1	0.08	0		0	content_single_char_fallback	single_char	2377	common-standard-level-1+pinyin-data
base_dictionary	庶	庶	shu	shu4	0.08	0		0	content_single_char_fallback	single_char	2378	common-standard-level-1+pinyin-data
base_dictionary	麻	麻	ma	ma2	0.08	0		0	content_single_char_fallback	single_char	2379	common-standard-level-1+pinyin-data
base_dictionary	庵	庵	an	an1	0.08	0		0	content_single_char_fallback	single_char	2380	common-standard-level-1+pinyin-data
base_dictionary	痊	痊	quan	quan2	0.08	0		0	content_single_char_fallback	single_char	2381	common-standard-level-1+pinyin-data
base_dictionary	痒	痒	yang	yang3	0.08	0		0	content_single_char_fallback	single_char	2382	common-standard-level-1+pinyin-data
base_dictionary	痕	痕	hen	hen2	0.08	0		0	content_single_char_fallback	single_char	2383	common-standard-level-1+pinyin-data
base_dictionary	廊	廊	lang	lang2	0.08	0		0	content_single_char_fallback	single_char	2384	common-standard-level-1+pinyin-data
base_dictionary	康	康	kang	kang1	0.08	0		0	content_single_char_fallback	single_char	2385	common-standard-level-1+pinyin-data
base_dictionary	庸	庸	yong	yong1	0.08	0		0	content_single_char_fallback	single_char	2386	common-standard-level-1+pinyin-data
base_dictionary	鹿	鹿	lu	lu4	0.08	0		0	content_single_char_fallback	single_char	2387	common-standard-level-1+pinyin-data
base_dictionary	盗	盗	dao	dao4	0.08	0		0	content_single_char_fallback	single_char	2388	common-standard-level-1+pinyin-data
base_dictionary	章	章	zhang	zhang1	0.08	0		0	content_single_char_fallback	single_char	2389	common-standard-level-1+pinyin-data
base_dictionary	竟	竟	jing	jing4	0.08	0		0	content_single_char_fallback	single_char	2390	common-standard-level-1+pinyin-data
base_dictionary	商	商	shang	shang1	0.08	0		0	content_single_char_fallback	single_char	2391	common-standard-level-1+pinyin-data
base_dictionary	族	族	zu	zu2	0.08	0		0	content_single_char_fallback	single_char	2392	common-standard-level-1+pinyin-data
base_dictionary	旋	旋	xuan	xuan2	0.08	0		0	content_single_char_fallback	single_char	2393	common-standard-level-1+pinyin-data
base_dictionary	望	望	wang	wang4	0.08	0		0	content_single_char_fallback	single_char	2394	common-standard-level-1+pinyin-data
base_dictionary	率	率	lv	lv4	0.08	0		0	content_single_char_fallback	single_char	2395	common-standard-level-1+pinyin-data
base_dictionary	阎	阎	yan	yan2	0.08	0		0	content_single_char_fallback	single_char	2396	common-standard-level-1+pinyin-data
base_dictionary	阐	阐	chan	chan3	0.08	0		0	content_single_char_fallback	single_char	2397	common-standard-level-1+pinyin-data
base_dictionary	着	着	zhe	zhe	0.08	0		0	content_single_char_fallback	single_char	2398	common-standard-level-1+pinyin-data
base_dictionary	羚	羚	ling	ling2	0.08	0		0	content_single_char_fallback	single_char	2399	common-standard-level-1+pinyin-data
base_dictionary	盖	盖	gai	gai4	0.08	0		0	content_single_char_fallback	single_char	2400	common-standard-level-1+pinyin-data
base_dictionary	眷	眷	juan	juan4	0.08	0		0	content_single_char_fallback	single_char	2401	common-standard-level-1+pinyin-data
base_dictionary	粘	粘	zhan	zhan1	0.08	0		0	content_single_char_fallback	single_char	2402	common-standard-level-1+pinyin-data
base_dictionary	粗	粗	cu	cu1	0.08	0		0	content_single_char_fallback	single_char	2403	common-standard-level-1+pinyin-data
base_dictionary	粒	粒	li	li4	0.22	0		0	measure_single_char	single_char	2404	common-standard-level-1+pinyin-data
base_dictionary	断	断	duan	duan4	0.08	0		0	content_single_char_fallback	single_char	2405	common-standard-level-1+pinyin-data
base_dictionary	剪	剪	jian	jian3	0.08	0		0	content_single_char_fallback	single_char	2406	common-standard-level-1+pinyin-data
base_dictionary	兽	兽	shou	shou4	0.08	0		0	content_single_char_fallback	single_char	2407	common-standard-level-1+pinyin-data
base_dictionary	焊	焊	han	han4	0.08	0		0	content_single_char_fallback	single_char	2408	common-standard-level-1+pinyin-data
base_dictionary	焕	焕	huan	huan4	0.08	0		0	content_single_char_fallback	single_char	2409	common-standard-level-1+pinyin-data
base_dictionary	清	清	qing	qing1	0.08	0		0	content_single_char_fallback	single_char	2410	common-standard-level-1+pinyin-data
base_dictionary	添	添	tian	tian1	0.08	0		0	content_single_char_fallback	single_char	2411	common-standard-level-1+pinyin-data
base_dictionary	鸿	鸿	hong	hong2	0.08	0		0	content_single_char_fallback	single_char	2412	common-standard-level-1+pinyin-data
base_dictionary	淋	淋	lin	lin2	0.08	0		0	content_single_char_fallback	single_char	2413	common-standard-level-1+pinyin-data
base_dictionary	涯	涯	ya	ya2	0.08	0		0	content_single_char_fallback	single_char	2414	common-standard-level-1+pinyin-data
base_dictionary	淹	淹	yan	yan1	0.08	0		0	content_single_char_fallback	single_char	2415	common-standard-level-1+pinyin-data
base_dictionary	渠	渠	qu	qu2	0.08	0		0	content_single_char_fallback	single_char	2416	common-standard-level-1+pinyin-data
base_dictionary	渐	渐	jian	jian4	0.08	0		0	content_single_char_fallback	single_char	2417	common-standard-level-1+pinyin-data
base_dictionary	淑	淑	shu	shu1	0.08	0		0	content_single_char_fallback	single_char	2418	common-standard-level-1+pinyin-data
base_dictionary	淌	淌	tang	tang3	0.08	0		0	content_single_char_fallback	single_char	2419	common-standard-level-1+pinyin-data
base_dictionary	混	混	hun	hun4	0.08	0		0	content_single_char_fallback	single_char	2420	common-standard-level-1+pinyin-data
base_dictionary	淮	淮	huai	huai2	0.08	0		0	content_single_char_fallback	single_char	2421	common-standard-level-1+pinyin-data
base_dictionary	淆	淆	xiao	xiao2	0.08	0		0	content_single_char_fallback	single_char	2422	common-standard-level-1+pinyin-data
base_dictionary	渊	渊	yuan	yuan1	0.08	0		0	content_single_char_fallback	single_char	2423	common-standard-level-1+pinyin-data
base_dictionary	淫	淫	yin	yin2	0.08	0		0	content_single_char_fallback	single_char	2424	common-standard-level-1+pinyin-data
base_dictionary	渔	渔	yu	yu2	0.08	0		0	content_single_char_fallback	single_char	2425	common-standard-level-1+pinyin-data
base_dictionary	淘	淘	tao	tao2	0.08	0		0	content_single_char_fallback	single_char	2426	common-standard-level-1+pinyin-data
base_dictionary	淳	淳	chun	chun2	0.08	0		0	content_single_char_fallback	single_char	2427	common-standard-level-1+pinyin-data
base_dictionary	液	液	ye	ye4	0.08	0		0	content_single_char_fallback	single_char	2428	common-standard-level-1+pinyin-data
base_dictionary	淤	淤	yu	yu1	0.08	0		0	content_single_char_fallback	single_char	2429	common-standard-level-1+pinyin-data
base_dictionary	淡	淡	dan	dan4	0.08	0		0	content_single_char_fallback	single_char	2430	common-standard-level-1+pinyin-data
base_dictionary	淀	淀	dian	dian4	0.08	0		0	content_single_char_fallback	single_char	2431	common-standard-level-1+pinyin-data
base_dictionary	深	深	shen	shen1	0.08	0		0	content_single_char_fallback	single_char	2432	common-standard-level-1+pinyin-data
base_dictionary	涮	涮	shuan	shuan4	0.08	0		0	content_single_char_fallback	single_char	2433	common-standard-level-1+pinyin-data
base_dictionary	涵	涵	han	han2	0.08	0		0	content_single_char_fallback	single_char	2434	common-standard-level-1+pinyin-data
base_dictionary	婆	婆	po	po2	0.08	0		0	content_single_char_fallback	single_char	2435	common-standard-level-1+pinyin-data
base_dictionary	梁	梁	liang	liang2	0.08	0		0	content_single_char_fallback	single_char	2436	common-standard-level-1+pinyin-data
base_dictionary	渗	渗	shen	shen4	0.08	0		0	content_single_char_fallback	single_char	2437	common-standard-level-1+pinyin-data
base_dictionary	情	情	qing	qing2	0.08	0		0	content_single_char_fallback	single_char	2438	common-standard-level-1+pinyin-data
base_dictionary	惜	惜	xi	xi1	0.08	0		0	content_single_char_fallback	single_char	2439	common-standard-level-1+pinyin-data
base_dictionary	惭	惭	can	can2	0.08	0		0	content_single_char_fallback	single_char	2440	common-standard-level-1+pinyin-data
base_dictionary	悼	悼	dao	dao4	0.08	0		0	content_single_char_fallback	single_char	2441	common-standard-level-1+pinyin-data
base_dictionary	惧	惧	ju	ju4	0.08	0		0	content_single_char_fallback	single_char	2442	common-standard-level-1+pinyin-data
base_dictionary	惕	惕	ti	ti4	0.08	0		0	content_single_char_fallback	single_char	2443	common-standard-level-1+pinyin-data
base_dictionary	惟	惟	wei	wei2	0.08	0		0	content_single_char_fallback	single_char	2444	common-standard-level-1+pinyin-data
base_dictionary	惊	惊	jing	jing1	0.08	0		0	content_single_char_fallback	single_char	2445	common-standard-level-1+pinyin-data
base_dictionary	惦	惦	dian	dian4	0.08	0		0	content_single_char_fallback	single_char	2446	common-standard-level-1+pinyin-data
base_dictionary	悴	悴	cui	cui4	0.08	0		0	content_single_char_fallback	single_char	2447	common-standard-level-1+pinyin-data
base_dictionary	惋	惋	wan	wan3	0.08	0		0	content_single_char_fallback	single_char	2448	common-standard-level-1+pinyin-data
base_dictionary	惨	惨	can	can3	0.08	0		0	content_single_char_fallback	single_char	2449	common-standard-level-1+pinyin-data
base_dictionary	惯	惯	guan	guan4	0.08	0		0	content_single_char_fallback	single_char	2450	common-standard-level-1+pinyin-data
base_dictionary	寇	寇	kou	kou4	0.08	0		0	content_single_char_fallback	single_char	2451	common-standard-level-1+pinyin-data
base_dictionary	寅	寅	yin	yin2	0.08	0		0	content_single_char_fallback	single_char	2452	common-standard-level-1+pinyin-data
base_dictionary	寄	寄	ji	ji4	0.08	0		0	content_single_char_fallback	single_char	2453	common-standard-level-1+pinyin-data
base_dictionary	寂	寂	ji	ji4	0.08	0		0	content_single_char_fallback	single_char	2454	common-standard-level-1+pinyin-data
base_dictionary	宿	宿	su	su4	0.08	0		0	content_single_char_fallback	single_char	2455	common-standard-level-1+pinyin-data
base_dictionary	窒	窒	zhi	zhi4	0.08	0		0	content_single_char_fallback	single_char	2456	common-standard-level-1+pinyin-data
base_dictionary	窑	窑	yao	yao2	0.08	0		0	content_single_char_fallback	single_char	2457	common-standard-level-1+pinyin-data
base_dictionary	密	密	mi	mi4	0.08	0		0	content_single_char_fallback	single_char	2458	common-standard-level-1+pinyin-data
base_dictionary	谋	谋	mou	mou2	0.08	0		0	content_single_char_fallback	single_char	2459	common-standard-level-1+pinyin-data
base_dictionary	谍	谍	die	die2	0.08	0		0	content_single_char_fallback	single_char	2460	common-standard-level-1+pinyin-data
base_dictionary	谎	谎	huang	huang3	0.08	0		0	content_single_char_fallback	single_char	2461	common-standard-level-1+pinyin-data
base_dictionary	谐	谐	xie	xie2	0.08	0		0	content_single_char_fallback	single_char	2462	common-standard-level-1+pinyin-data
base_dictionary	袱	袱	fu	fu2	0.08	0		0	content_single_char_fallback	single_char	2463	common-standard-level-1+pinyin-data
base_dictionary	祷	祷	dao	dao3	0.08	0		0	content_single_char_fallback	single_char	2464	common-standard-level-1+pinyin-data
base_dictionary	祸	祸	huo	huo4	0.08	0		0	content_single_char_fallback	single_char	2465	common-standard-level-1+pinyin-data
base_dictionary	谓	谓	wei	wei4	0.08	0		0	content_single_char_fallback	single_char	2466	common-standard-level-1+pinyin-data
base_dictionary	谚	谚	yan	yan4	0.08	0		0	content_single_char_fallback	single_char	2467	common-standard-level-1+pinyin-data
base_dictionary	谜	谜	mi	mi2	0.08	0		0	content_single_char_fallback	single_char	2468	common-standard-level-1+pinyin-data
base_dictionary	逮	逮	dai	dai3	0.08	0		0	content_single_char_fallback	single_char	2469	common-standard-level-1+pinyin-data
base_dictionary	敢	敢	gan	gan3	0.08	0		0	content_single_char_fallback	single_char	2470	common-standard-level-1+pinyin-data
base_dictionary	尉	尉	wei	wei4	0.08	0		0	content_single_char_fallback	single_char	2471	common-standard-level-1+pinyin-data
base_dictionary	屠	屠	tu	tu2	0.08	0		0	content_single_char_fallback	single_char	2472	common-standard-level-1+pinyin-data
base_dictionary	弹	弹	dan	dan4	0.08	0		0	content_single_char_fallback	single_char	2473	common-standard-level-1+pinyin-data
base_dictionary	隋	隋	sui	sui2	0.08	0		0	content_single_char_fallback	single_char	2474	common-standard-level-1+pinyin-data
base_dictionary	堕	堕	duo	duo4	0.08	0		0	content_single_char_fallback	single_char	2475	common-standard-level-1+pinyin-data
base_dictionary	随	随	sui	sui2	0.08	0		0	content_single_char_fallback	single_char	2476	common-standard-level-1+pinyin-data
base_dictionary	蛋	蛋	dan	dan4	0.08	0		0	content_single_char_fallback	single_char	2477	common-standard-level-1+pinyin-data
base_dictionary	隅	隅	yu	yu2	0.08	0		0	content_single_char_fallback	single_char	2478	common-standard-level-1+pinyin-data
base_dictionary	隆	隆	long	long2	0.08	0		0	content_single_char_fallback	single_char	2479	common-standard-level-1+pinyin-data
base_dictionary	隐	隐	yin	yin3	0.08	0		0	content_single_char_fallback	single_char	2480	common-standard-level-1+pinyin-data
base_dictionary	婚	婚	hun	hun1	0.08	0		0	content_single_char_fallback	single_char	2481	common-standard-level-1+pinyin-data
base_dictionary	婶	婶	shen	shen3	0.08	0		0	content_single_char_fallback	single_char	2482	common-standard-level-1+pinyin-data
base_dictionary	婉	婉	wan	wan3	0.08	0		0	content_single_char_fallback	single_char	2483	common-standard-level-1+pinyin-data
base_dictionary	颇	颇	po	po3	0.08	0		0	content_single_char_fallback	single_char	2484	common-standard-level-1+pinyin-data
base_dictionary	颈	颈	jing	jing3	0.08	0		0	content_single_char_fallback	single_char	2485	common-standard-level-1+pinyin-data
base_dictionary	绩	绩	ji	ji4	0.08	0		0	content_single_char_fallback	single_char	2486	common-standard-level-1+pinyin-data
base_dictionary	绪	绪	xu	xu4	0.08	0		0	content_single_char_fallback	single_char	2487	common-standard-level-1+pinyin-data
base_dictionary	续	续	xu	xu4	0.08	0		0	content_single_char_fallback	single_char	2488	common-standard-level-1+pinyin-data
base_dictionary	骑	骑	qi	qi2	0.08	0		0	content_single_char_fallback	single_char	2489	common-standard-level-1+pinyin-data
base_dictionary	绰	绰	chuo	chuo4	0.08	0		0	content_single_char_fallback	single_char	2490	common-standard-level-1+pinyin-data
base_dictionary	绳	绳	sheng	sheng2	0.08	0		0	content_single_char_fallback	single_char	2491	common-standard-level-1+pinyin-data
base_dictionary	维	维	wei	wei2	0.08	0		0	content_single_char_fallback	single_char	2492	common-standard-level-1+pinyin-data
base_dictionary	绵	绵	mian	mian2	0.08	0		0	content_single_char_fallback	single_char	2493	common-standard-level-1+pinyin-data
base_dictionary	绷	绷	beng	beng1	0.08	0		0	content_single_char_fallback	single_char	2494	common-standard-level-1+pinyin-data
base_dictionary	绸	绸	chou	chou2	0.08	0		0	content_single_char_fallback	single_char	2495	common-standard-level-1+pinyin-data
base_dictionary	综	综	zong	zong1	0.08	0		0	content_single_char_fallback	single_char	2496	common-standard-level-1+pinyin-data
base_dictionary	绽	绽	zhan	zhan4	0.08	0		0	content_single_char_fallback	single_char	2497	common-standard-level-1+pinyin-data
base_dictionary	绿	绿	lv	lv4	0.08	0		0	content_single_char_fallback	single_char	2498	common-standard-level-1+pinyin-data
base_dictionary	缀	缀	zhui	zhui4	0.08	0		0	content_single_char_fallback	single_char	2499	common-standard-level-1+pinyin-data
base_dictionary	巢	巢	chao	chao2	0.08	0		0	content_single_char_fallback	single_char	2500	common-standard-level-1+pinyin-data
base_dictionary	等	等	deng	deng3	0.30	0		0	function_single_char	single_char	2681	common-standard-level-1+pinyin-data-extra-function
base_dictionary	街	街	jie	jie1	0.24	0		0	place_direction_single_char	single_char	2702	common-standard-level-1+pinyin-data-extra-function
base_dictionary	就	就	jiu	jiu4	0.30	0		0	function_single_char	single_char	2728	common-standard-level-1+pinyin-data-extra-function
base_dictionary	想	想	xiang	xiang3	0.30	0		0	function_single_char	single_char	2867	common-standard-level-1+pinyin-data-extra-function
base_dictionary	楼	楼	lou	lou2	0.24	0		0	place_direction_single_char	single_char	2870	common-standard-level-1+pinyin-data-extra-function
base_dictionary	碗	碗	wan	wan3	0.22	0		0	measure_single_char	single_char	2881	common-standard-level-1+pinyin-data-extra-function
base_dictionary	路	路	lu	lu4	0.24	0		0	place_direction_single_char	single_char	2918	common-standard-level-1+pinyin-data-extra-function
base_dictionary	跟	跟	gen	gen1	0.30	0		0	function_single_char	single_char	2920	common-standard-level-1+pinyin-data-extra-function
base_dictionary	颗	颗	ke	ke1	0.22	0		0	measure_single_char	single_char	3100	common-standard-level-1+pinyin-data-extra-function
base_dictionary	趟	趟	tang	tang4	0.22	0		0	measure_single_char	single_char	3195	common-standard-level-1+pinyin-data-extra-function
